日期,契約名稱,身份別,多方交易口數,多方契約金額,空方交易口數,空方契約金額,多空淨額交易口數,多空淨額契約金額,多方未平倉口數,多方未平倉契約金額,空方未平倉口數,空方未平倉契約金額,多空淨額未平倉口數,多空淨額未平倉契約金額
2025/01/02,TX,自營商,11870,54326275,10063,46060116,1807,8266158,6301,28809032,5365,24539798,936,4269234
2025/01/02,TE,投信,0,0,24,121712,-24,-121712,273,1384219,0,0,273,1384219
2025/01/02,TX,外資,53954,247269702,55016,252113746,-1062,-4844043,9023,41227315,52279,238858361,-43256,-197631046
2025/01/02,TX,投信,222,1012369,265,1210788,-43,-198418,31482,143828665,6031,27553227,25451,116275438
2025/01/02,TE,自營商,84,426655,72,366147,12,60508,25,126852,214,1085066,-189,-958214
2025/01/02,MTX,自營商,11815,13532412,14076,16117882,-2261,-2585469,2852,3266486,7403,8482032,-4551,-5215546
2025/01/02,MTX,外資,85869,98503282,89485,102620323,-3616,-4117041,2355,2689763,6074,6940003,-3719,-4250240
2025/01/02,TE,外資,619,3143389,615,3122632,4,20757,329,1668162,686,3478294,-357,-1810132
2025/01/02,ZMX,自營商,8006,1840842,13716,3142229,-5710,-1301387,3430,784738,19170,4385625,-15740,-3600887
2025/01/02,MTX,投信,0,0,26,29744,-26,-29744,137,156475,19,21701,118,134774
2025/01/02,ZMX,投信,0,0,0,0,0,0,0,0,0,0,0,0
2025/01/02,ZMX,外資,34888,8009175,45583,10450119,-10695,-2440944,2163,494246,10674,2438262,-8511,-1944016
2025/01/02,NQF,投信,0,0,0,0,0,0,4,4277,0,0,4,4277
2025/01/02,NQF,自營商,55,58658,5,5344,50,53314,0,0,303,323968,-303,-323968
2025/01/03,TX,自營商,7072,32496382,8779,40333622,-1707,-7837240,5069,23320118,5829,26811410,-760,-3491292
2025/01/03,TX,外資,60097,275760992,57188,262405622,2909,13355370,9809,45082603,49783,228792830,-39974,-183710227
2025/01/03,TX,投信,260,1194939,35,161395,225,1033544,31595,145191663,5919,27200173,25676,117991490
2025/01/02,NQF,外資,1441,1540605,1514,1618059,-73,-77454,11,11894,1588,1698446,-1577,-1686552
2025/01/03,MTX,自營商,12922,14853102,12760,14651569,162,201533,3964,4564609,8216,9459242,-4252,-4894633
2025/01/03,TE,投信,0,0,14,71617,-14,-71617,259,1322972,0,0,259,1322972
2025/01/03,TE,外資,452,2307767,415,2118611,37,189156,333,1700964,653,3335524,-320,-1634560
2025/01/03,TE,自營商,70,357906,39,199349,31,158557,18,92036,176,899008,-158,-806972
2025/01/03,ZMX,投信,0,0,0,0,0,0,0,0,0,0,0,0
2025/01/03,MTX,外資,106781,122458444,99377,113947271,7404,8511173,6873,7896219,3361,3862938,3512,4033281
2025/01/03,ZMX,自營商,18904,4347648,8475,1946431,10429,2401217,7272,1672479,13488,3103734,-6216,-1431255
2025/01/03,NQF,自營商,5,5309,15,15928,-10,-10619,0,0,313,332234,-313,-332234
2025/01/03,MTX,投信,3,3446,0,0,3,3446,137,157392,16,18382,121,139010
2025/01/03,ZMX,外資,52216,11977705,43351,9934573,8865,2043131,2552,586630,8793,2020368,-6241,-1433738
2025/01/03,NQF,投信,0,0,0,0,0,0,4,4246,0,0,4,4246
2025/01/06,TX,自營商,8007,37433140,10190,47670476,-2183,-10237336,3769,17819557,6686,31584476,-2917,-13764919
2025/01/03,NQF,外資,2060,2192809,2220,2362823,-160,-170015,16,17122,1753,1861566,-1737,-1844444
2025/01/06,TX,外資,55329,258198837,51375,239680019,3954,18518818,15770,74464784,48632,229621317,-32862,-155156533
2025/01/06,TX,投信,880,4144692,38,178465,842,3966227,31853,150384384,5335,25187602,26518,125196782
2025/01/06,TE,投信,6,31632,10,52715,-4,-21083,255,1345023,0,0,255,1345023
2025/01/06,TE,自營商,52,272566,65,340251,-13,-67685,19,100298,188,991625,-169,-891327
2025/01/06,MTX,自營商,17687,20682458,12651,14784878,5036,5897580,8951,10581849,8200,9691296,751,890553
2025/01/06,MTX,外資,86018,100176699,74634,86895867,11384,13280833,8510,10044977,2995,3535176,5515,6509801
2025/01/06,ZMX,自營商,19467,4550594,4597,1070323,14870,3480271,14752,3485181,6453,1524300,8299,1960881
2025/01/06,TE,外資,734,3836702,647,3383875,87,452827,426,2246980,659,3475961,-233,-1228981
2025/01/06,ZMX,投信,0,0,0,0,0,0,0,0,0,0,0,0
2025/01/06,NQF,自營商,12,12912,46,49380,-34,-36469,0,0,347,374101,-347,-374101
2025/01/06,MTX,投信,4,4721,1,1180,3,3540,136,160521,12,14164,124,146357
2025/01/06,ZMX,外資,52376,12194198,31067,7228449,21309,4965749,4220,997428,5407,1276376,-1187,-278948
2025/01/06,NQF,投信,0,0,0,0,0,0,4,4312,0,0,4,4312
2025/01/06,NQF,外資,1015,1087257,1101,1179526,-86,-92269,13,14136,1836,1980184,-1823,-1966048
2025/01/07,TX,自營商,8691,41406223,9125,43511063,-434,-2104841,3644,17333617,7002,33271533,-3358,-15937916
2025/01/07,TX,投信,197,939628,912,4329461,-715,-3389833,31059,147480556,5256,24957590,25803,122522966
2025/01/07,TE,自營商,46,245848,59,316078,-13,-70230,15,80080,197,1050443,-182,-970363
2025/01/07,TX,外資,57051,272065205,54535,260027780,2516,12037425,18069,85816364,48415,229919800,-30346,-144103436
2025/01/07,TE,外資,499,2671880,502,2686915,-3,-15034,430,2292846,666,3551245,-236,-1258399
2025/01/07,TE,投信,15,80262,0,0,15,80262,270,1439694,0,0,270,1439694
2025/01/07,MTX,自營商,12769,15224171,13773,16421971,-1004,-1197801,7128,8480990,7344,8734847,-216,-253857
2025/01/07,ZMX,自營商,6608,1577482,8214,1959703,-1606,-382221,13826,3285961,7178,1705591,6648,1580370
2025/01/07,MTX,外資,91689,109308755,89942,107216302,1747,2092453,9757,11582884,2495,2962598,7262,8620286
2025/01/07,MTX,投信,1,1187,0,0,1,1187,136,161446,11,13058,125,148388
2025/01/07,ZMX,投信,0,0,0,0,0,0,0,0,0,0,0,0
2025/01/07,NQF,自營商,0,0,17,18536,-17,-18536,0,0,364,395181,-364,-395181
2025/01/07,ZMX,外資,43743,10430666,45613,10874604,-1870,-443938,4399,1045920,7456,1770204,-3057,-724284
2025/01/07,NQF,投信,0,0,0,0,0,0,4,4342,0,0,4,4342
2025/01/08,TX,投信,26,122166,484,2270178,-458,-2148013,30748,144201997,5403,25338989,25345,118863008
2025/01/07,NQF,外資,1312,1429279,1310,1426890,2,2390,13,14239,1834,1991634,-1821,-1977395
2025/01/08,TX,自營商,10592,49994034,8590,40540991,2002,9453042,4990,23432397,6447,30262894,-1457,-6830497
2025/01/08,TE,自營商,70,369656,50,265015,20,104641,11,57783,165,865294,-154,-807511
2025/01/08,TX,外資,53004,250333626,59294,280091900,-6290,-29758274,17576,82451777,55028,258105756,-37452,-175653979
2025/01/08,TE,投信,0,0,1,5243,-1,-5243,269,1410582,0,0,269,1410582
2025/01/08,MTX,投信,0,0,3,3518,-3,-3518,136,159453,14,16414,122,143039
2025/01/08,TE,外資,451,2379060,491,2589751,-40,-210691,399,2092276,675,3539565,-276,-1447289
2025/01/08,MTX,自營商,12889,15221482,15555,18363065,-2666,-3141583,4198,4935287,6765,7950194,-2567,-3014907
2025/01/08,MTX,外資,83901,99147620,95422,112764650,-11521,-13617031,2758,3233878,5964,6995447,-3206,-3761569
2025/01/08,ZMX,外資,38640,9138241,53497,12640198,-14857,-3501957,2741,643132,9520,2232345,-6779,-1589213
2025/01/08,ZMX,投信,0,0,0,0,0,0,0,0,0,0,0,0
2025/01/08,ZMX,自營商,4836,1144092,13684,3231932,-8848,-2087839,9136,2143644,10646,2500025,-1510,-356381
2025/01/08,NQF,外資,1384,1493579,1687,1820478,-303,-326899,11,11920,2135,2289730,-2124,-2277810
2025/01/08,NQF,自營商,28,30112,10,10776,18,19336,0,0,346,370987,-346,-370987
2025/01/08,NQF,投信,0,0,0,0,0,0,4,4289,0,0,4,4289
2025/01/09,TX,自營商,8788,40925211,7585,35327532,1203,5597679,5623,26017430,5917,27377683,-294,-1360253
2025/01/09,TE,外資,390,2032123,415,2161907,-25,-129784,402,2082199,703,3641259,-301,-1559060
2025/01/09,TE,投信,0,0,0,0,0,0,269,1393312,0,0,269,1393312
2025/01/09,TX,外資,59239,276121880,61268,285594592,-2029,-9472712,16753,77437592,57753,266876557,-41000,-189438965
2025/01/09,TX,投信,68,315935,476,2201705,-408,-1885770,30444,140646241,5507,25441239,24937,115205002
2025/01/09,TE,自營商,49,255645,46,239770,3,15875,24,124392,173,896139,-149,-771747
2025/01/09,MTX,外資,99765,116306442,105050,122473328,-5285,-6166885,2540,2934896,6397,7395663,-3857,-4460767
2025/01/09,MTX,自營商,12118,14124439,15300,17834145,-3182,-3709707,3932,4556070,9651,11175003,-5719,-6618933
2025/01/09,MTX,投信,106,122932,101,116741,5,6191,142,164400,15,17324,127,147076
2025/01/09,ZMX,自營商,6484,1515222,15042,3508183,-8558,-1992961,6927,1600672,16345,3782717,-9418,-2182045
2025/01/09,ZMX,外資,46383,10822483,57623,13435527,-11240,-2613043,2716,627695,13505,3121210,-10789,-2493515
2025/01/09,ZMX,投信,0,0,0,0,0,0,0,0,0,0,0,0
2025/01/09,NQF,自營商,44,47018,32,34171,12,12847,14,14937,348,371303,-334,-356366
2025/01/09,NQF,投信,0,0,0,0,0,0,4,4268,0,0,4,4268
2025/01/10,TX,自營商,7205,33243244,7252,33468957,-47,-225714,5867,27103295,6271,28968457,-404,-1865162
2025/01/09,NQF,外資,1577,1684008,1457,1555383,120,128625,26,27983,2030,2166636,-2004,-2138653
2025/01/10,TX,投信,1069,4935716,759,3495844,310,1439872,30753,141832849,5506,25392041,25247,116440808
2025/01/10,TE,外資,310,1605982,287,1486013,23,119969,417,2158722,695,3597475,-278,-1438753
2025/01/10,TX,外資,46848,216170275,47796,220592144,-948,-4421869,15158,69976105,57106,263486739,-41948,-193510634
2025/01/10,TE,投信,0,0,20,103812,-20,-103812,249,1288824,0,0,249,1288824
2025/01/10,TE,自營商,78,403652,93,481633,-15,-77981,27,139888,191,989043,-164,-849155
2025/01/10,MTX,自營商,9595,11078611,9840,11360650,-245,-282040,4074,4711908,9798,11322362,-5724,-6610454
2025/01/10,MTX,投信,15,17289,14,16186,1,1102,142,164157,14,16199,128,147958
2025/01/10,MTX,外資,70941,81845634,71206,82158598,-265,-312964,3531,4073014,7653,8833400,-4122,-4760386
2025/01/10,NQF,自營商,0,0,3,3187,-3,-3187,14,14928,351,374295,-337,-359367
2025/01/10,ZMX,外資,32689,7547428,32987,7612656,-298,-65227,3353,773509,14440,3331849,-11087,-2558340
2025/01/10,ZMX,投信,0,0,0,0,0,0,0,0,0,0,0,0
2025/01/10,NQF,外資,410,436815,345,367682,65,69132,22,23719,1961,2092010,-1939,-2068291
2025/01/13,TX,自營商,19728,89588662,18487,83926795,1241,5661868,7129,32230230,6247,28237861,882,3992369
2025/01/13,TX,外資,121016,549957078,122218,555721928,-1202,-5764850,15340,69337734,58699,265097103,-43359,-195759369
2025/01/10,NQF,投信,0,0,0,0,0,0,4,4265,0,0,4,4265
2025/01/13,TX,投信,15525,70200917,14848,66994196,677,3206721,31640,142857590,5716,25823784,25924,117033806
2025/01/13,TE,自營商,177,895053,139,705407,38,189647,43,216138,169,849882,-126,-633744
2025/01/13,TE,投信,41,208379,31,156697,10,51681,259,1301669,0,0,259,1301669
2025/01/13,TE,外資,1465,7401793,1488,7522124,-23,-120331,441,2222490,742,3735354,-301,-1512864
2025/01/13,MTX,自營商,20972,23885545,23944,27275240,-2972,-3389695,4083,4618818,12937,14626794,-8854,-10007976
2025/01/10,ZMX,自營商,6114,1414345,8000,1848102,-1886,-433757,6821,1573349,18065,4173989,-11244,-2600640
2025/01/13,ZMX,投信,0,0,0,0,0,0,0,0,0,0,0,0
2025/01/13,ZMX,自營商,11982,2739323,24941,5695784,-12959,-2956461,5312,1197921,29625,6695795,-24313,-5497874
2025/01/13,MTX,投信,0,0,2,2264,-2,-2264,142,160500,16,18102,126,142398
2025/01/13,ZMX,外資,68788,15696603,69423,15832039,-635,-135436,2729,615568,10421,2349133,-7692,-1733565
2025/01/13,MTX,外資,152512,173721010,155411,177052130,-2899,-3331120,2662,3003266,9653,10897624,-6991,-7894358
2025/01/13,NQF,自營商,31,32445,48,50700,-17,-18255,0,0,354,370005,-354,-370005
2025/01/13,NQF,外資,1785,1881532,1862,1962159,-77,-80627,35,36943,2051,2144131,-2016,-2107188
2025/01/14,TX,自營商,12933,58528073,12693,57457769,240,1070304,6889,31430684,5698,26002468,1191,5428216
2025/01/14,TX,外資,81449,367958184,80736,364999490,713,2958694,13324,60767585,55758,254351052,-42434,-193583467
2025/01/13,NQF,投信,0,0,0,0,0,0,4,4181,0,0,4,4181
2025/01/14,TE,自營商,229,1155209,207,1045289,22,109921,49,248208,167,848778,-118,-600570
2025/01/14,TX,投信,21634,98378346,21214,96242534,420,2135813,31998,146062244,5654,25808805,26344,120253439
2025/01/14,MTX,投信,36,41045,36,40927,0,118,142,162050,16,18259,126,143791
2025/01/14,MTX,自營商,17950,20294216,17129,19359305,821,934911,5073,5788149,13638,15551975,-8565,-9763826
2025/01/14,TE,投信,201,1018882,208,1049854,-7,-30972,252,1282708,0,0,252,1282708
2025/01/14,TE,外資,639,3222230,641,3234367,-2,-12137,418,2124751,721,3662974,-303,-1538223
2025/01/14,MTX,外資,101737,114707924,99522,112205180,2215,2502743,3506,3992048,8186,9330522,-4680,-5338474
2025/01/14,ZMX,自營商,12914,2921518,9697,2189052,3217,732466,7009,1595539,26825,6117198,-19816,-4521659
2025/01/14,ZMX,投信,0,0,0,0,0,0,0,0,0,0,0,0
2025/01/14,ZMX,外資,50953,11479280,43191,9725169,7762,1754111,3242,738331,7892,1795979,-4650,-1057648
2025/01/14,NQF,自營商,22,23071,16,16794,6,6278,0,0,348,366641,-348,-366641
2025/01/14,NQF,投信,0,0,0,0,0,0,4,4214,0,0,4,4214
2025/01/15,TX,投信,460,2080610,546,2464206,-86,-383596,32008,144132024,5750,25892250,26258,118239774
2025/01/15,TX,自營商,13306,60268958,12430,56335493,876,3933465,6324,28494992,5167,23284323,1157,5210669
2025/01/14,NQF,外資,850,887784,746,778221,104,109563,48,51072,1960,2065123,-1912,-2014051
2025/01/15,TE,外資,574,2886940,578,2908009,-4,-21069,282,1407011,544,2714234,-262,-1307223
2025/01/15,TE,自營商,263,1322547,258,1297113,5,25434,4,19958,94,469004,-90,-449046
2025/01/15,TX,外資,61620,279364158,62535,283506790,-915,-4142632,11383,51257895,50800,228771481,-39417,-177513586
2025/01/15,MTX,投信,0,0,3,3378,-3,-3378,142,159857,19,21389,123,138468
2025/01/15,TE,投信,0,0,1,4988,-1,-4988,241,1202445,0,0,241,1202445
2025/01/15,MTX,自營商,18463,20920897,18653,21147383,-190,-226486,2289,2585497,11282,12722183,-8993,-10136686
2025/01/15,ZMX,投信,0,0,0,0,0,0,0,0,0,0,0,0
2025/01/15,ZMX,自營商,11827,2681804,16966,3847402,-5139,-1165597,547,123545,25480,5741156,-24933,-5617611
2025/01/15,MTX,外資,87413,99118890,89169,101108440,-1756,-1989551,1458,1641464,4780,5381267,-3322,-3739803
2025/01/15,ZMX,外資,38998,8845999,41489,9410485,-2491,-564487,789,177643,241,54393,548,123250
2025/01/16,TX,自營商,7229,33291696,8859,40797342,-1630,-7505646,5678,26172989,6161,28396705,-483,-2223716
2025/01/15,NQF,外資,1178,1237496,1270,1332870,-92,-95374,66,69799,2070,2169987,-2004,-2100188
2025/01/15,NQF,投信,0,0,0,0,0,0,4,4193,0,0,4,4193
2025/01/15,NQF,自營商,102,106942,48,50332,54,56610,0,0,294,308179,-294,-308179
2025/01/16,TX,外資,61341,281880651,58516,268948798,2825,12931853,15832,72938916,52043,239774956,-36211,-166836040
2025/01/16,TX,投信,852,3926815,2553,11791382,-1701,-7864567,30145,138878015,5588,25743916,24557,113134099
2025/01/16,MTX,自營商,12884,14811730,12022,13810820,862,1000910,3775,4355051,11737,13528947,-7962,-9173896
2025/01/16,TE,投信,8,41132,0,0,8,41132,249,1280308,0,0,249,1280308
2025/01/16,TE,外資,835,4291321,840,4318353,-5,-27032,290,1491122,557,2863983,-267,-1372861
2025/01/16,MTX,投信,3,3452,0,0,3,3452,144,165852,18,20732,126,145120
2025/01/16,ZMX,自營商,15390,3533721,7912,1818199,7478,1715522,2364,545125,20464,4715520,-18100,-4170395
2025/01/16,TE,自營商,69,355267,121,621251,-52,-265984,8,41155,151,776442,-143,-735287
2025/01/16,MTX,外資,100245,115041067,94210,108176436,6035,6864631,6192,7132085,3482,4010437,2710,3121648
2025/01/16,ZMX,投信,0,0,0,0,0,0,0,0,0,0,0,0
2025/01/16,NQF,自營商,51,54395,47,50060,4,4335,0,0,290,310112,-290,-310112
2025/01/16,ZMX,外資,51053,11708590,42020,9643487,9033,2065104,1987,457809,11,2534,1976,455275
2025/01/16,NQF,投信,0,0,0,0,0,0,4,4277,0,0,4,4277
2025/01/17,TX,自營商,8201,38070316,8778,40787785,-577,-2717469,5339,24773771,6398,29683301,-1059,-4909530
2025/01/17,TX,投信,131,607513,234,1083991,-103,-476478,30055,139383068,5601,25975198,24454,113407870
2025/01/16,NQF,外資,962,1024660,883,940793,79,83867,76,82118,2001,2140212,-1925,-2058094
2025/01/17,TE,自營商,99,513387,137,709753,-38,-196366,13,67357,194,1004879,-181,-937522
2025/01/17,TE,投信,0,0,10,51720,-10,-51720,239,1237924,0,0,239,1237924
2025/01/17,TX,外資,75987,353512494,73140,340136842,2847,13375652,14223,65961427,46086,213740144,-31863,-147778717
2025/01/17,TE,外資,867,4483847,835,4317019,32,166827,346,1792142,581,3009348,-235,-1217206
2025/01/17,MTX,投信,24,27739,1,1159,23,26580,168,194779,19,22029,149,172750
2025/01/17,MTX,自營商,15598,18134172,15603,18130592,-5,3581,3739,4340355,11708,13581291,-7969,-9240936
2025/01/17,MTX,外資,137315,159711212,133846,155612476,3469,4098736,3420,3965584,2727,3161869,693,803715
2025/01/17,ZMX,投信,0,0,0,0,0,0,0,0,0,0,0,0
2025/01/17,ZMX,自營商,13910,3241842,13226,3070905,684,170938,2575,597757,20001,4638968,-17426,-4041211
2025/01/17,ZMX,外資,66445,15469092,65202,15165840,1243,303252,1464,339585,845,195939,619,143646
2025/01/17,NQF,自營商,14,14924,44,47093,-30,-32169,5,5333,325,346613,-320,-341280
2025/01/17,NQF,投信,0,0,0,0,0,0,4,4266,0,0,4,4266
2025/01/20,TX,投信,273,1274565,345,1610585,-72,-336019,29833,139278344,5451,25448539,24382,113829805
2025/01/20,TX,自營商,6139,28644906,5128,23926847,1011,4718058,5565,25982781,5615,26216819,-50,-234038
2025/01/17,NQF,外資,1337,1434486,1792,1923062,-455,-488576,67,72239,2447,2610989,-2380,-2538750
2025/01/20,TE,自營商,40,209013,46,240480,-6,-31467,18,94237,205,1073117,-187,-978880
2025/01/20,TE,投信,0,0,0,0,0,0,239,1251069,0,0,239,1251069
2025/01/20,TX,外資,40513,188961229,43371,202292089,-2858,-13330860,14167,66140498,48888,228237589,-34721,-162097091
2025/01/20,TE,外資,405,2117534,345,1804162,60,313372,409,2140951,584,3057006,-175,-916055
2025/01/20,MTX,投信,7,8171,0,0,7,8171,172,200750,16,18674,156,182076
2025/01/20,ZMX,自營商,7945,1854785,5834,1360032,2111,494753,2666,622740,17961,4192559,-15295,-3569819
2025/01/20,MTX,自營商,6865,8006492,6463,7536411,402,470081,4255,4967344,11818,13791126,-7563,-8823782
2025/01/20,MTX,外資,74034,86324169,76997,89779799,-2963,-3455629,2475,2888932,4745,5538180,-2270,-2649248
2025/01/20,NQF,投信,0,0,0,0,0,0,4,4319,0,0,4,4319
2025/01/20,ZMX,投信,0,0,0,0,0,0,0,0,0,0,0,0
2025/01/20,NQF,自營商,20,21555,52,56150,-32,-34595,5,5399,357,385506,-352,-380107
2025/01/20,NQF,外資,1530,1649530,1371,1478069,159,171461,68,74259,2289,2473216,-2221,-2398957
2025/01/20,ZMX,外資,37215,8678159,34676,8085574,2539,592585,3167,739363,9,2101,3158,737262
2025/01/21,TX,外資,44760,208809447,43804,204357224,956,4452223,15049,70312890,48744,227736209,-33695,-157423319
2025/01/21,TX,自營商,5624,26231988,6177,28824933,-553,-2592944,4878,22789056,5601,26168729,-723,-3379673
2025/01/21,TX,投信,225,1051027,127,592486,98,458541,29858,139502548,5378,25127092,24480,114375456
2025/01/21,TE,外資,376,1963883,396,2067939,-20,-104056,387,2020914,582,3039204,-195,-1018290
2025/01/21,TE,自營商,39,203565,40,208706,-1,-5141,22,114898,210,1096644,-188,-981746
2025/01/21,MTX,自營商,7996,9323705,7573,8828010,423,495695,4001,4673863,10621,12401349,-6620,-7727486
2025/01/21,MTX,外資,80030,93329056,76995,89786526,3035,3542530,3807,4447042,2778,3244885,1029,1202157
2025/01/21,TE,投信,0,0,32,167252,-32,-167252,207,1080954,0,0,207,1080954
2025/01/21,MTX,投信,0,0,8,9332,-8,-9332,168,196232,20,23361,148,172871
2025/01/21,ZMX,外資,38104,8890625,36451,8498817,1653,391808,2588,604730,497,116105,2091,488625
2025/01/21,ZMX,自營商,8204,1915027,8952,2085012,-748,-169985,2729,637972,18972,4431905,-16243,-3793933
2025/01/21,ZMX,投信,0,0,0,0,0,0,0,0,0,0,0,0
2025/01/21,NQF,自營商,15,16232,10,10794,5,5437,2,2163,349,377356,-347,-375193
2025/01/21,NQF,投信,0,0,0,0,0,0,4,4325,0,0,4,4325
2025/01/21,NQF,外資,798,865072,811,878747,-13,-13676,70,76542,2304,2492676,-2234,-2416134
2025/01/22,TX,外資,47124,222122282,46027,216949740,1097,5172543,17476,82800149,49602,235001607,-32126,-152201458
2025/01/22,TX,自營商,7920,37387567,7919,37358519,1,29048,4831,22889281,5579,26434750,-748,-3545469
2025/01/22,TX,投信,291,1377690,263,1245418,28,132272,29747,140935337,5239,24821334,24508,116114003
2025/01/22,TE,自營商,41,217267,55,291380,-14,-74113,26,138086,210,1115280,-184,-977194
2025/01/22,MTX,外資,72461,85325554,67969,80035567,4492,5289986,8150,9653876,2698,3195691,5452,6458185
2025/01/22,TE,投信,0,0,0,0,0,0,207,1099336,0,0,207,1099336
2025/01/22,TE,外資,391,2070877,354,1876456,37,194422,424,2251779,582,3090886,-158,-839107
2025/01/22,MTX,自營商,9607,11331439,8742,10309884,865,1021556,4191,4968456,9742,11538017,-5551,-6569561
2025/01/22,MTX,投信,4,4732,1,1184,3,3548,171,202541,20,23689,151,178852
2025/01/22,ZMX,自營商,8816,2077741,5332,1256656,3484,821086,4463,1058185,16972,4020585,-12509,-2962400
2025/01/22,ZMX,外資,37816,8901514,29425,6927821,8391,1973692,2138,506587,491,116313,1647,390274
2025/01/22,NQF,外資,905,982878,787,854178,118,128700,85,93951,2201,2409840,-2116,-2315889
2025/01/22,NQF,投信,0,0,0,0,0,0,4,4377,0,0,4,4377
2025/01/22,NQF,自營商,20,21731,7,7620,13,14111,5,5471,339,370934,-334,-365463
2025/01/22,ZMX,投信,0,0,0,0,0,0,0,0,0,0,0,0
2025/02/03,TX,自營商,12786,58226247,10904,49648001,1882,8578246,6526,29495847,5613,25370687,913,4125160
2025/02/03,TX,外資,58765,269541687,62293,285689917,-3528,-16148229,14961,67614689,51451,232520491,-36490,-164905802
2025/02/03,TX,投信,936,4233264,976,4418922,-40,-185658,30512,137889830,6044,27314045,24468,110575785
2025/02/03,TE,自營商,195,975845,55,275556,140,700289,65,324575,108,539295,-43,-214720
2025/02/03,TE,外資,604,3031116,777,3893265,-173,-862149,235,1173402,566,2826151,-331,-1652749
2025/02/03,TE,投信,13,64967,0,0,13,64967,220,1098504,0,0,220,1098504
2025/02/03,MTX,投信,4,4523,1,1130,3,3393,171,193196,17,19207,154,173989
2025/02/03,MTX,自營商,14707,16791114,17419,19858579,-2712,-3067465,3547,4010775,11089,12532174,-7542,-8521399
2025/02/03,MTX,外資,81436,93655557,91796,105484741,-10360,-11829184,1948,2201180,6254,7065842,-4306,-4864662
2025/02/03,ZMX,自營商,7816,1804795,25521,5841615,-17705,-4036819,1537,347554,31316,7078001,-29779,-6730447
2025/02/03,NQF,投信,0,0,0,0,0,0,4,4211,0,0,4,4211
2025/02/03,ZMX,外資,35063,8095914,50010,11495713,-14947,-3399799,1984,448353,1574,355960,410,92393
2025/02/03,NQF,自營商,26,27392,49,51906,-23,-24513,5,5264,362,381096,-357,-375832
2025/02/04,TX,自營商,7077,32290861,7778,35482223,-701,-3191362,6218,28389734,5999,27391541,219,998193
2025/02/03,ZMX,投信,0,0,0,0,0,0,0,0,0,0,0,0
2025/02/03,NQF,外資,1233,1338166,1119,1207565,114,130600,83,88358,2085,2196657,-2002,-2108299
2025/02/04,TX,投信,643,2933083,436,1989936,207,943147,30681,140058765,6006,27417390,24675,112641375
2025/02/04,TX,外資,57984,264383397,55827,254594408,2157,9788989,14919,68108470,48984,223615973,-34065,-155507503
2025/02/04,TE,投信,0,0,0,0,0,0,220,1115268,0,0,220,1115268
2025/02/04,TE,自營商,58,293264,108,546435,-50,-253171,26,131822,119,603288,-93,-471466
2025/02/04,MTX,外資,91039,103756438,86167,98213645,4872,5542793,5576,6363976,4929,5625282,647,738694
2025/02/04,MTX,投信,1,1141,0,0,1,1141,171,195154,16,18260,155,176894
2025/02/04,MTX,自營商,10954,12494239,10422,11883132,532,611107,3059,3495471,10132,11566838,-7073,-8071367
2025/02/04,TE,外資,692,3503046,603,3052120,89,450926,260,1318044,502,2544839,-242,-1226795
2025/02/04,ZMX,自營商,14105,3216859,10377,2365723,3728,851137,1553,354957,27429,6262424,-25876,-5907467
2025/02/04,ZMX,投信,0,0,0,0,0,0,0,0,0,0,0,0
2025/02/04,ZMX,外資,44495,10141164,37821,8620407,6674,1520757,1851,422519,532,121456,1319,301063
2025/02/04,NQF,外資,1535,1636909,1402,1494991,133,141917,105,113364,1974,2111232,-1869,-1997868
2025/02/04,NQF,自營商,67,71654,11,11693,56,59961,5,5344,306,327068,-301,-321724
2025/02/04,NQF,投信,0,0,0,0,0,0,4,4275,0,0,4,4275
2025/02/05,TX,自營商,8718,40354850,9731,45023671,-1013,-4668821,5627,26043906,6485,30014110,-858,-3970204
2025/02/05,TX,外資,44638,206249749,43828,202542153,810,3707596,17410,80565790,49218,227754535,-31808,-147188745
2025/02/05,TX,投信,797,3693073,506,2342722,291,1350350,30503,141149582,5537,25621914,24966,115527668
2025/02/05,TE,外資,481,2482482,484,2498485,-3,-16003,247,1272050,492,2533800,-245,-1261750
2025/02/05,TE,自營商,103,531777,94,484420,9,47357,63,324449,146,751899,-83,-427450
2025/02/05,MTX,自營商,12784,14790719,12834,14845304,-50,-54585,3907,4525928,10989,12715151,-7082,-8189223
2025/02/05,TE,投信,0,0,10,51727,-10,-51727,220,1133000,10,51500,210,1081500
2025/02/05,MTX,外資,71520,82574067,67084,77465471,4436,5108595,5159,5968766,4314,4990821,845,977945
2025/02/05,MTX,投信,2,2314,0,0,2,2314,171,197821,14,16196,157,181625
2025/02/05,ZMX,投信,0,0,0,0,0,0,0,0,0,0,0,0
2025/02/05,ZMX,自營商,13350,3087073,7833,1811347,5517,1275726,1984,460014,21083,4878948,-19099,-4418934
2025/02/05,ZMX,外資,34922,8056832,26303,6069749,8619,1987083,2800,648138,487,112677,2313,535461
2025/02/05,NQF,自營商,72,77758,103,111394,-31,-33636,5,5394,337,363522,-332,-358128
2025/02/06,TX,投信,149,694364,426,1984405,-277,-1290040,30182,140617938,5493,25591887,24689,115026051
2025/02/05,NQF,投信,0,0,0,0,0,0,4,4315,0,0,4,4315
2025/02/06,TX,自營商,4926,22924046,5409,25179674,-483,-2255628,5310,24745324,6632,30903731,-1322,-6158407
2025/02/05,NQF,外資,997,1075434,963,1038041,34,37393,105,114413,1940,2093922,-1835,-1979509
2025/02/06,TE,投信,4,20724,0,0,4,20724,224,1159872,10,51780,214,1108092
2025/02/06,TX,外資,34826,161964793,34274,159408666,552,2556127,18422,85831492,49418,230242848,-30996,-144411356
2025/02/06,TE,外資,319,1654119,326,1690932,-7,-36813,251,1299678,503,2604534,-252,-1304856
2025/02/06,MTX,投信,0,0,1,1165,-1,-1165,171,199172,15,17471,156,181701
2025/02/06,TE,自營商,30,155659,30,155486,0,173,65,336578,155,802600,-90,-466022
2025/02/06,MTX,外資,62924,73141796,61212,71155250,1712,1986546,5556,6471955,3646,4246927,1910,2225028
2025/02/06,MTX,自營商,7227,8407891,6682,7772575,545,635316,4347,5069713,10960,12767823,-6613,-7698110
2025/02/06,ZMX,自營商,6370,1482944,6255,1454332,115,28612,2347,547738,21331,4969883,-18984,-4422145
2025/02/06,ZMX,投信,0,0,0,0,0,0,0,0,0,0,0,0
2025/02/06,NQF,自營商,93,100829,83,89916,10,10913,0,0,322,351753,-322,-351753
2025/02/07,TX,自營商,4026,18821955,4995,23347635,-969,-4525681,4791,22454725,7059,33079595,-2268,-10624870
2025/02/06,NQF,外資,1062,1149393,955,1032287,107,117106,107,117988,1835,2005780,-1728,-1887792
2025/02/06,NQF,投信,0,0,0,0,0,0,4,4370,0,0,4,4370
2025/02/07,TX,投信,166,777900,236,1105598,-70,-327698,30069,140891306,5450,25536520,24619,115354786
2025/02/07,TE,自營商,33,171934,30,156691,3,15243,79,413241,166,868310,-87,-455069
2025/02/07,TX,外資,30661,143150933,29699,138674963,962,4475970,19299,90430421,49161,230352149,-29862,-139921728
2025/02/07,TE,投信,0,0,0,0,0,0,224,1171654,10,52306,214,1119348
2025/02/07,TE,外資,264,1377420,246,1283530,18,93890,264,1380878,498,2604839,-234,-1223961
2025/02/07,MTX,外資,54088,63118127,52567,61340228,1521,1777899,6885,8065526,3095,3625542,3790,4439984
2025/02/07,MTX,自營商,7104,8301846,6363,7434330,741,867516,5611,6579546,11627,13620733,-6016,-7041187
2025/02/07,MTX,投信,5,5846,5,5858,0,-12,170,199138,14,16400,156,182738
2025/02/07,ZMX,外資,28496,6650644,24418,5695856,4078,954788,2085,488542,487,114094,1598,374448
2025/02/07,ZMX,投信,0,0,0,0,0,0,0,0,0,0,0,0
2025/02/07,ZMX,自營商,9478,2214813,4336,1012307,5142,1202505,3546,831967,17128,4012952,-13582,-3180985
2025/02/07,NQF,外資,987,1076715,1019,1111345,-32,-34629,105,116032,1865,2041044,-1760,-1925012
2025/02/07,NQF,自營商,87,95010,89,97271,-2,-2262,0,0,324,354375,-324,-354375
2025/02/07,NQF,投信,23,25163,0,0,23,25163,27,29531,0,0,27,29531
2025/02/10,TX,自營商,9612,44778276,7513,35013118,2099,9765158,6472,30083537,6642,30872278,-170,-788741
2025/02/10,TX,投信,191,886985,792,3682088,-601,-2795102,29654,137808069,5636,26191619,24018,111616450
2025/02/10,TX,外資,50897,237342076,51709,241106997,-812,-3764922,17762,82547054,48723,226430426,-30961,-143883372
2025/02/10,TE,投信,0,0,2,10317,-2,-10317,222,1145653,10,51606,212,1094047
2025/02/10,TE,自營商,65,336162,51,264704,14,71459,71,366427,145,748327,-74,-381900
2025/02/10,TE,外資,495,2562861,522,2701935,-27,-139074,238,1228223,499,2575139,-261,-1346916
2025/02/10,MTX,自營商,11536,13448637,12767,14878309,-1231,-1429672,3214,3739653,10457,12151144,-7243,-8411491
2025/02/10,MTX,外資,84845,98943918,87363,101878254,-2518,-2934336,4775,5547811,4105,4769478,670,778333
2025/02/10,MTX,投信,0,0,2,2323,-2,-2323,170,197506,16,18589,154,178917
2025/02/10,ZMX,自營商,10556,2462671,16945,3951272,-6389,-1488601,2106,490458,22077,5130594,-19971,-4640136
2025/02/10,ZMX,投信,0,0,0,0,0,0,0,0,0,0,0,0
2025/02/10,NQF,投信,23,24985,0,0,23,24985,50,54325,0,0,50,54325
2025/02/10,NQF,自營商,87,94569,46,50027,41,44543,0,0,283,307480,-283,-307480
2025/02/10,NQF,外資,1081,1177132,1187,1291407,-106,-114275,98,107602,1964,2135034,-1866,-2027432
2025/02/11,TX,投信,149,697341,374,1745428,-225,-1048087,29370,137064228,5577,26026744,23793,111037484
2025/02/11,TX,自營商,6529,30540039,6410,29987614,119,552426,6660,31088594,6715,31342411,-55,-253817
2025/02/11,TE,自營商,62,322666,33,171971,29,150695,82,425391,126,653652,-44,-228261
2025/02/10,ZMX,外資,39303,9172691,47997,11195987,-8694,-2023296,2145,498450,491,114089,1654,384361
2025/02/11,TX,外資,34569,161684025,35192,164594328,-623,-2910304,18347,85625521,49686,231880441,-31339,-146254920
2025/02/11,TE,投信,10,52155,0,0,10,52155,222,1151603,0,0,222,1151603
2025/02/11,MTX,投信,1,1167,0,0,1,1167,170,198339,15,17501,155,180838
2025/02/11,TE,外資,370,1925365,404,2102083,-34,-176718,239,1239789,534,2770072,-295,-1530283
2025/02/11,ZMX,投信,0,0,0,0,0,0,0,0,0,0,0,0
2025/02/11,MTX,外資,60341,70551040,58947,68923241,1394,1627799,6436,7509156,4327,5048476,2109,2460680
2025/02/11,MTX,自營商,9299,10876792,8938,10450629,361,426163,4267,4984850,11132,12988918,-6865,-8004068
2025/02/11,ZMX,外資,28730,6717086,22831,5338070,5899,1379016,2915,680445,487,113637,2428,566808
2025/02/11,ZMX,自營商,8269,1936258,7734,1808140,535,128117,2748,642430,22189,5178059,-19441,-4535629
2025/02/11,NQF,自營商,11,12011,32,34903,-21,-22892,0,0,304,331512,-304,-331512
2025/02/11,NQF,投信,0,0,46,50116,-46,-50116,4,4362,0,0,4,4362
2025/02/12,TX,投信,1181,5510820,327,1525282,854,3985538,30225,140915595,5578,26005752,24647,114909843
2025/02/12,TX,自營商,8209,38385999,8216,38440222,-7,-54223,6529,30446954,6581,30687698,-52,-240744
2025/02/11,NQF,外資,714,779366,511,557646,203,221720,132,145453,1795,1958918,-1663,-1813465
2025/02/12,TE,自營商,39,202983,36,187364,3,15619,82,424046,128,661926,-46,-237880
2025/02/12,TX,外資,37500,175329481,37383,174796844,117,532637,19289,89933506,50503,235462929,-31214,-145529423
2025/02/12,TE,投信,0,0,0,0,0,0,222,1148006,0,0,222,1148006
2025/02/12,MTX,自營商,11940,13961091,11310,13220686,630,740405,3837,4478261,10101,11774762,-6264,-7296501
2025/02/12,MTX,投信,0,0,0,0,0,0,170,198144,15,17483,155,180661
2025/02/12,MTX,外資,66359,77555015,65492,76543951,867,1011064,7215,8409854,4271,4978162,2944,3431692
2025/02/12,TE,外資,399,2076264,404,2101455,-5,-25192,276,1427251,576,2978611,-300,-1551360
2025/02/12,ZMX,外資,29637,6928409,29085,6794715,552,133694,3467,808444,487,113525,2980,694919
2025/02/12,ZMX,投信,0,0,0,0,0,0,0,0,0,0,0,0
2025/02/12,NQF,自營商,21,22915,39,42469,-18,-19554,0,0,322,350964,-322,-350964
2025/02/12,ZMX,自營商,13570,3177728,12520,2924205,1050,253523,3383,790010,21774,5076334,-18391,-4286324
2025/02/12,NQF,外資,615,670666,677,737713,-62,-67047,144,158642,1869,2038733,-1725,-1880091
2025/02/12,NQF,投信,16,17437,0,0,16,17437,20,21799,0,0,20,21799
2025/02/13,TE,自營商,83,428913,27,139415,56,289497,133,686689,123,635073,10,51616
2025/02/13,TX,自營商,6969,32530312,7113,33207578,-144,-677266,5940,27807121,6143,28756157,-203,-949036
2025/02/13,TX,外資,45464,212113960,45903,214187761,-439,-2073801,20320,95108294,51784,242369292,-31464,-147260998
2025/02/13,TX,投信,213,997631,311,1455779,-98,-458149,30125,140992405,5576,26096795,24549,114895610
2025/02/13,TE,外資,387,1997805,506,2612944,-119,-615139,278,1435314,697,3598611,-419,-2163297
2025/02/13,TE,投信,0,0,0,0,0,0,222,1146186,0,0,222,1146186
2025/02/13,MTX,外資,82533,96244797,80999,94458155,1534,1786642,8848,10353271,3945,4615902,4903,5737369
2025/02/13,MTX,投信,124,145354,130,152215,-6,-6860,164,192043,15,17551,149,174492
2025/02/13,MTX,自營商,13652,15932098,13958,16283123,-306,-351025,3449,4040739,10008,11710597,-6559,-7669858
2025/02/13,ZMX,外資,39325,9173412,34808,8114175,4517,1059238,2082,487281,490,114665,1592,372616
2025/02/13,ZMX,自營商,13297,3105244,15714,3659757,-2417,-554513,2715,636558,23438,5485373,-20723,-4848815
2025/02/13,ZMX,投信,0,0,0,0,0,0,0,0,0,0,0,0
2025/02/13,NQF,投信,0,0,0,0,0,0,20,21912,0,0,20,21912
2025/02/13,NQF,自營商,108,117531,84,91343,24,26188,0,0,298,326489,-298,-326489
2025/02/14,TX,自營商,10518,48885552,9449,43902586,1069,4982966,8556,39682077,7616,35316343,940,4365734
2025/02/13,NQF,外資,1251,1359177,1290,1400801,-39,-41624,151,167261,1915,2099679,-1764,-1932418
2025/02/14,TX,投信,941,4361159,590,2735208,351,1625951,30534,141557612,5634,26119504,24900,115438108
2025/02/14,TE,自營商,110,561211,84,428829,26,132382,153,779162,118,600987,35,178175
2025/02/14,TE,投信,0,0,0,0,0,0,222,1130513,0,0,222,1130513
2025/02/14,TX,外資,54064,251294534,57468,267161424,-3404,-15866890,20681,95893044,55988,259594419,-35307,-163701375
2025/02/14,MTX,投信,0,0,0,0,0,0,164,190200,15,17385,149,172815
2025/02/14,TE,外資,425,2169722,462,2358775,-37,-189053,285,1451779,741,3773838,-456,-2322059
2025/02/14,ZMX,自營商,9549,2222712,23735,5518054,-14186,-3295342,1454,337770,36353,8428453,-34899,-8090683
2025/02/14,MTX,自營商,15280,17761336,18081,21021657,-2801,-3260321,2301,2670983,11959,13866942,-9658,-11195959
2025/02/14,MTX,外資,82718,96181208,88422,102818624,-5704,-6637416,5619,6512872,6268,7265288,-649,-752416
2025/02/14,ZMX,外資,32374,7533482,40536,9431013,-8162,-1897531,2027,469899,577,133751,1450,336148
2025/02/14,ZMX,投信,0,0,0,0,0,0,0,0,0,0,0,0
2025/02/14,NQF,投信,0,0,0,0,0,0,20,22133,0,0,20,22133
2025/02/17,TX,自營商,14767,69169330,17302,81028299,-2535,-11858969,4986,23440245,6366,29931050,-1380,-6490805
2025/02/14,NQF,外資,1665,1830045,1173,1288417,492,541628,156,174449,1428,1581700,-1272,-1407251
2025/02/17,TX,投信,19852,93191104,20686,97086802,-834,-3895698,29663,139503212,5597,26322186,24066,113181026
2025/02/14,NQF,自營商,141,155514,89,97684,52,57830,0,0,246,272236,-246,-272236
2025/02/17,TX,外資,81683,382010024,76325,357031327,5358,24978697,24347,114500239,53831,253144161,-29484,-138643922
2025/02/17,TE,自營商,155,799079,99,511337,56,287742,238,1231555,147,760876,91,470679
2025/02/17,TE,投信,165,854658,163,843644,2,11015,224,1159599,0,0,224,1159599
2025/02/17,TE,外資,639,3298002,670,3458518,-31,-160516,264,1366562,751,3886959,-487,-2520397
2025/02/17,MTX,投信,26,30548,24,28199,2,2349,164,192850,13,15289,151,177561
2025/02/17,MTX,自營商,19619,22930844,15592,18205213,4027,4725630,4761,5597973,11176,13130698,-6415,-7532725
2025/02/17,MTX,外資,77433,90241078,70037,81616973,7396,8624105,11241,13212376,3939,4629617,7302,8582759
2025/02/17,ZMX,自營商,28363,6629777,6734,1568187,21629,5061590,5008,1178131,18658,4385690,-13650,-3207559
2025/02/17,ZMX,投信,0,0,0,0,0,0,0,0,0,0,0,0
2025/02/17,NQF,自營商,13,14452,17,18897,-4,-4446,0,0,250,278563,-250,-278563
2025/02/17,ZMX,外資,38516,8968987,26227,6100869,12289,2868118,2151,505659,487,114474,1664,391185
2025/02/17,NQF,投信,0,0,0,0,0,0,20,22285,0,0,20,22285
2025/02/18,TX,自營商,9320,43943812,9162,43194564,158,749248,4945,23381303,6359,30072941,-1414,-6691638
2025/02/18,TX,外資,50433,237645398,49861,234998852,572,2646546,26481,125254374,55393,261999646,-28912,-136745272
2025/02/18,TX,投信,14323,67563930,14852,70037651,-529,-2473720,29102,137663933,5565,26324563,23537,111339370
2025/02/18,TE,自營商,225,1171672,236,1228473,-11,-56802,230,1201633,150,783867,80,417766
2025/02/17,NQF,外資,758,840482,714,791249,44,49232,154,173391,1382,1541060,-1228,-1367669
2025/02/18,TE,外資,470,2445457,467,2430229,3,15228,274,1431933,758,3961256,-484,-2529323
2025/02/18,TE,投信,58,302553,60,312973,-2,-10420,222,1160480,0,0,222,1160480
2025/02/18,MTX,自營商,10373,12216718,9443,11122265,930,1094453,5065,5990012,9809,11590836,-4744,-5600824
2025/02/18,MTX,外資,40564,47742600,40295,47430732,269,311868,11354,13423935,3783,4472553,7571,8951382
2025/02/18,MTX,投信,21,24842,25,29569,-4,-4726,158,186849,11,13009,147,173840
2025/02/18,ZMX,外資,14870,3500742,14044,3305632,826,195110,2977,704002,487,115151,2490,588851
2025/02/18,ZMX,投信,0,0,0,0,0,0,0,0,0,0,0,0
2025/02/18,ZMX,自營商,7723,1819700,5690,1339633,2033,480066,7628,1804771,19110,4518664,-11482,-2713893
2025/02/18,NQF,自營商,1,1114,36,40058,-35,-38944,0,0,285,317362,-285,-317362
2025/02/18,NQF,投信,0,0,0,0,0,0,20,22271,0,0,20,22271
2025/02/19,TX,自營商,11539,54511298,11750,55512156,-211,-1000858,2781,13125601,5330,25162997,-2549,-12037396
2025/02/19,TX,投信,249,1176549,814,3844282,-565,-2667733,28611,135101142,5639,26627358,22972,108473784
2025/02/19,TX,外資,48975,231403993,47213,223077597,1762,8326396,22762,107482344,47513,224343563,-24751,-116861219
2025/02/19,TE,自營商,165,860966,160,834840,5,26126,51,265322,82,426597,-31,-161275
2025/02/19,TE,投信,1,5220,3,15623,-2,-10403,220,1144528,0,0,220,1144528
2025/02/19,MTX,自營商,14540,17173001,15013,17729549,-473,-556548,2546,3005989,8056,9501977,-5510,-6495988
2025/02/19,MTX,投信,4,4722,9,10622,-5,-5900,158,186519,16,18888,142,167631
2025/02/19,TE,外資,471,2457109,475,2477386,-4,-20277,251,1305802,605,3147452,-354,-1841650
2025/02/19,ZMX,自營商,8836,2088118,12066,2848701,-3230,-760584,6723,1587821,2052,484447,4671,1103374
2025/02/19,MTX,外資,57162,67516239,58273,68825157,-1111,-1308917,3997,4718506,3262,3850829,735,867677
2025/02/19,NQF,自營商,63,70051,16,17808,47,52244,0,0,238,264918,-238,-264918
2025/02/18,NQF,外資,152,169166,331,368431,-179,-199265,161,181159,1568,1747318,-1407,-1566159
2025/02/19,ZMX,投信,0,0,0,0,0,0,0,0,0,0,0,0
2025/02/19,ZMX,外資,20009,4727560,22612,5340910,-2603,-613351,473,111691,1,236,472,111455
2025/02/19,NQF,投信,0,0,0,0,0,0,20,22262,0,0,20,22262
2025/02/20,TX,自營商,6644,31216297,6156,28936204,488,2280093,3285,15458826,5352,25189385,-2067,-9730559
2025/02/20,TX,投信,1129,5314529,180,846812,949,4467717,29625,139450800,5704,26849869,23921,112600931
2025/02/20,TX,外資,38068,179021668,37599,176809853,469,2211815,22965,108100957,47498,223568470,-24533,-115467513
2025/02/20,TE,自營商,73,377935,63,327159,10,50776,39,201997,67,347020,-28,-145023
2025/02/19,NQF,外資,670,745579,715,794993,-45,-49414,153,172136,1605,1787670,-1452,-1615534
2025/02/20,TE,投信,0,0,2,10359,-2,-10359,218,1129109,0,0,218,1129109
2025/02/20,TE,外資,553,2860629,573,2963705,-20,-103076,261,1351823,635,3288919,-374,-1937096
2025/02/20,MTX,外資,61677,72511131,65390,76879028,-3713,-4367897,3212,3779956,5837,6869023,-2625,-3089067
2025/02/20,MTX,自營商,10172,11955892,11281,13252496,-1109,-1296604,3278,3859434,9815,11542922,-6537,-7683488
2025/02/20,ZMX,自營商,11599,2727600,16209,3805384,-4610,-1077785,4359,1026675,4588,1079804,-229,-53129
2025/02/20,ZMX,外資,23815,5602795,27597,6491569,-3782,-888774,152,35777,107,25201,45,10576
2025/02/20,ZMX,投信,0,0,0,0,0,0,0,0,0,0,0,0
2025/02/20,MTX,投信,0,0,1,1177,-1,-1177,158,185934,17,20006,141,165928
2025/02/21,TX,自營商,6312,29815115,7060,33382845,-748,-3567730,2771,13154362,5646,26805833,-2875,-13651471
2025/02/20,NQF,自營商,37,41031,43,47739,-6,-6708,0,0,244,270718,-244,-270718
2025/02/20,NQF,外資,530,589199,624,693125,-94,-103926,172,192866,1718,1907150,-1546,-1714284
2025/02/20,NQF,投信,0,0,0,0,0,0,20,22190,0,0,20,22190
2025/02/21,TX,外資,39870,188275549,40870,192973846,-1000,-4698297,22973,109089698,48228,228999586,-25255,-119909888
2025/02/21,TX,投信,1057,5016788,338,1604686,719,3412102,30265,143716379,5625,26710875,24640,117005504
2025/02/21,TE,自營商,68,354375,37,192618,31,161757,81,423965,78,408268,3,15697
2025/02/21,TE,外資,395,2059444,392,2043314,3,16131,277,1449873,648,3391762,-371,-1941889
2025/02/21,MTX,自營商,10290,12158394,8063,9524618,2227,2633776,4533,5383526,8575,10170868,-4042,-4787342
2025/02/21,TE,投信,0,0,30,156913,-30,-156913,188,984030,0,0,188,984030
2025/02/21,MTX,投信,3,3561,0,0,3,3561,158,187570,14,16620,144,170950
2025/02/21,MTX,外資,71221,84053956,67945,80156411,3276,3897545,4509,5352971,3649,4331926,860,1021045
2025/02/21,ZMX,投信,0,0,0,0,0,0,0,0,0,0,0,0
2025/02/21,ZMX,自營商,18918,4473849,8902,2096455,10016,2377394,11060,2626772,1413,335481,9647,2291291
2025/02/21,NQF,自營商,72,79616,59,65243,13,14373,0,0,231,255833,-231,-255833
2025/02/21,ZMX,外資,31117,7344535,24414,5757839,6703,1586696,148,35140,5,1187,143,33953
2025/02/21,NQF,外資,911,1007842,1299,1437210,-388,-429369,168,187908,2102,2329189,-1934,-2141281
2025/02/21,NQF,投信,0,0,0,0,0,0,20,22150,0,0,20,22150
2025/02/24,TX,自營商,7240,34100982,5760,27142222,1480,6958760,3974,18719572,5393,25405159,-1419,-6685587
2025/02/24,TE,自營商,27,139497,61,315169,-34,-175672,43,222566,74,383016,-31,-160450
2025/02/24,TX,外資,39786,187576636,42833,201900151,-3047,-14323514,18917,89122215,50596,238353164,-31679,-149230949
2025/02/24,MTX,自營商,7873,9275250,9316,10972992,-1443,-1697741,4271,5031968,9662,11372280,-5391,-6340312
2025/02/24,TE,投信,0,0,2,10351,-2,-10351,186,962699,0,0,186,962699
2025/02/24,TX,投信,118,555742,1450,6826088,-1332,-6270346,29059,136902761,5751,27094111,23308,109808650
2025/02/24,MTX,投信,0,0,1,1178,-1,-1178,158,186092,15,17667,143,168425
2025/02/24,MTX,外資,64931,76539202,76945,90700758,-12014,-14161556,2775,3268420,3293,3878850,-518,-610430
2025/02/24,TE,外資,364,1881954,339,1753037,25,128917,265,1371587,611,3162414,-346,-1790827
2025/02/24,ZMX,自營商,6792,1601516,15815,3727642,-9023,-2126126,5107,1203761,4473,1053803,634,149958
2025/02/24,ZMX,外資,26017,6136128,40408,9527585,-14391,-3391457,147,34627,35,8257,112,26370
2025/02/24,ZMX,投信,0,0,0,0,0,0,0,0,0,0,0,0
2025/02/24,NQF,外資,1609,1770315,1780,1957114,-171,-186799,164,180835,2269,2476437,-2105,-2295602
2025/02/24,NQF,自營商,55,59964,94,102448,-39,-42484,0,0,270,294503,-270,-294503
2025/02/24,NQF,投信,0,0,0,0,0,0,20,21815,0,0,20,21815
2025/02/25,TE,投信,0,0,0,0,0,0,186,948265,0,0,186,948265
2025/02/25,TX,投信,482,2245314,749,3489155,-267,-1243842,28893,134612487,5852,27264468,23041,107348019
2025/02/25,TE,自營商,29,147949,73,371692,-44,-223743,18,91774,93,474139,-75,-382365
2025/02/25,TX,自營商,9519,44351007,8772,40884854,747,3466153,4471,20830766,5190,24179284,-719,-3348518
2025/02/25,TX,外資,49740,231942345,51893,241992379,-2153,-10050034,17957,83662578,53289,248261612,-35332,-164599034
2025/02/25,TE,外資,558,2842143,526,2681081,32,161063,206,1050229,520,2651064,-314,-1600835
2025/02/25,MTX,投信,0,0,0,0,0,0,158,184031,15,17471,143,166560
2025/02/25,MTX,自營商,10319,12025466,10978,12797807,-659,-772341,4699,5475055,10591,12331495,-5892,-6856440
2025/02/25,ZMX,自營商,10872,2536240,21934,5113203,-11062,-2576963,2392,557723,12670,2951783,-10278,-2394060
2025/02/25,ZMX,投信,0,0,0,0,0,0,0,0,0,0,0,0
2025/02/25,MTX,外資,83179,97018421,88971,103786501,-5792,-6768079,1989,2316728,3567,4155151,-1578,-1838423
2025/02/25,NQF,外資,1159,1253142,1442,1557732,-283,-304590,161,174553,2549,2735871,-2388,-2561318
2025/02/25,NQF,自營商,80,86291,78,83958,2,2333,0,0,268,287430,-268,-287430
2025/02/25,ZMX,外資,32705,7634344,39786,9287527,-7081,-1653183,147,34244,776,180933,-629,-146689
2025/02/25,NQF,投信,0,0,0,0,0,0,20,21450,0,0,20,21450
2025/02/26,TX,投信,679,3179540,188,880146,491,2299394,29275,137106535,5743,26896766,23532,110209769
2025/02/26,TX,自營商,9363,43480479,9523,44277488,-160,-797009,4122,19305563,5132,24032013,-1010,-4726450
2025/02/26,TX,外資,56133,260778809,55812,259230297,321,1548512,18945,88728331,53958,252696379,-35013,-163968048
2025/02/26,TE,投信,0,0,0,0,0,0,186,954701,0,0,186,954701
2025/02/26,TE,自營商,50,254346,54,274095,-4,-19750,13,66731,102,523550,-89,-456819
2025/02/26,TE,外資,566,2881717,600,3054929,-34,-173212,158,810982,506,2597197,-348,-1786215
2025/02/26,ZMX,自營商,20032,4663740,14467,3352560,5565,1311180,8579,2009443,12467,2919729,-3888,-910286
2025/02/26,MTX,投信,2,2342,0,0,2,2342,158,184994,13,15221,145,169773
2025/02/26,MTX,自營商,12126,14090833,10813,12559576,1313,1531257,4009,4695022,8099,9476460,-4090,-4781438
2025/02/26,ZMX,投信,0,0,0,0,0,0,0,0,0,0,0,0
2025/02/26,MTX,外資,93096,108109081,92963,107907265,133,201816,3870,4531250,5307,6214339,-1437,-1683089
2025/02/26,NQF,投信,0,0,0,0,0,0,20,21293,0,0,20,21293
2025/02/26,ZMX,外資,39566,9189330,38379,8904883,1187,284448,1138,266485,580,135958,558,130527
2025/02/27,TX,自營商,8104,37755213,7483,34873063,621,2882150,4259,19754238,4744,22000932,-485,-2246694
2025/02/27,TE,自營商,50,254757,62,317115,-12,-62358,16,81057,117,592703,-101,-511646
2025/02/27,TX,投信,1397,6474416,171,793636,1226,5680780,30626,142037263,5868,27214610,24758,114822653
2025/02/26,NQF,自營商,144,153264,130,138165,14,15099,0,0,254,270421,-254,-270421
2025/02/26,NQF,外資,1596,1696074,2235,2374184,-639,-678110,162,174305,3189,3397860,-3027,-3223555
2025/02/27,TE,投信,0,0,1,5082,-1,-5082,185,937173,0,0,185,937173
2025/02/27,TX,外資,55539,259169449,56952,265753851,-1413,-6584402,15670,72675571,52389,242962059,-36719,-170286488
2025/02/27,TE,外資,564,2882380,525,2678221,39,204159,244,1236055,553,2801387,-309,-1565332
2025/02/27,MTX,投信,2,2342,4,4638,-2,-2296,157,182034,16,18551,141,163483
2025/02/27,MTX,外資,97739,114120468,100202,116971897,-2463,-2851429,496,575087,4233,4908804,-3737,-4333717
2025/02/27,MTX,自營商,10795,12596970,13791,16079760,-2996,-3482789,3338,3872222,9943,11524930,-6605,-7652708
2025/02/27,ZMX,投信,0,0,0,0,0,0,0,0,0,0,0,0
2025/02/27,ZMX,自營商,15861,3715082,22365,5210719,-6504,-1495636,899,208847,11776,2731390,-10877,-2522543
2025/02/27,ZMX,外資,40112,9380982,45664,10664491,-5552,-1283509,147,34088,96,22317,51,11771
2025/02/27,NQF,投信,0,0,0,0,0,0,20,21269,0,0,20,21269
2025/02/27,NQF,外資,1595,1697812,1645,1749771,-50,-51959,166,178371,3243,3451708,-3077,-3273337
2025/02/27,NQF,自營商,177,187990,223,236574,-46,-48584,0,0,300,319035,-300,-319035
2025/03/03,TX,自營商,14373,65503754,12319,56192484,2054,9311270,6299,28630450,4795,21794414,1504,6836036
2025/03/03,TX,投信,1745,7932236,195,885896,1550,7046340,32299,146792495,5991,27227897,26308,119564598
2025/03/03,TE,自營商,74,365716,45,222660,29,143056,37,182363,109,537222,-72,-354859
2025/03/03,TE,投信,0,0,0,0,0,0,185,911791,0,0,185,911791
2025/03/03,MTX,投信,0,0,4,4528,-4,-4528,153,173839,16,18179,137,155660
2025/03/03,TX,外資,68001,310877289,75472,344830066,-7471,-33952777,13402,60911158,59957,272487733,-46555,-211576575
2025/03/03,MTX,自營商,15525,17728878,16965,19358491,-1440,-1629613,5113,5812618,13212,15011445,-8099,-9198827
2025/03/03,TE,外資,494,2448278,591,2927333,-97,-479055,216,1064578,622,3065589,-406,-2001011
2025/03/03,ZMX,自營商,15391,3531586,30732,7031901,-15341,-3500315,1387,315178,26035,5917465,-24648,-5602287
2025/03/03,NQF,自營商,258,271519,248,261552,10,9967,0,0,290,304616,-290,-304616
2025/03/03,ZMX,外資,48440,11107696,55765,12771476,-7325,-1663780,147,33404,991,225451,-844,-192047
2025/03/03,MTX,外資,108891,124647589,119402,136637355,-10511,-11989765,891,1012454,6965,7914645,-6074,-6902191
2025/03/03,ZMX,投信,0,0,0,0,0,0,0,0,0,0,0,0
2025/03/03,NQF,投信,0,0,0,0,0,0,20,21008,0,0,20,21008
2025/03/03,NQF,外資,2451,2592429,2337,2467235,114,125194,193,204927,3156,3317882,-2963,-3112955
2025/03/04,TX,自營商,14216,63915880,14936,67243556,-720,-3327676,6258,28273778,5071,22909435,1187,5364343
2025/03/04,TX,投信,968,4374031,133,596921,835,3777110,33062,149360891,5919,26739674,27143,122621217
2025/03/04,TE,自營商,115,559720,91,442569,24,117151,39,190798,87,425614,-48,-234816
2025/03/04,TX,外資,86613,389727538,84081,378387285,2532,11340253,14069,63560308,58092,262430915,-44023,-198870607
2025/03/04,TE,投信,0,0,0,0,0,0,185,905020,0,0,185,905020
2025/03/04,MTX,自營商,18717,21040011,17173,19320574,1544,1719438,3836,4335325,12292,13880830,-8456,-9545505
2025/03/04,MTX,投信,1,1130,0,0,1,1130,153,172798,15,16941,138,155857
2025/03/04,TE,外資,898,4370255,942,4584525,-44,-214270,187,914804,637,3116204,-450,-2201400
2025/03/04,ZMX,自營商,22985,5172577,20186,4542543,2799,630034,1336,301886,21740,4911855,-20404,-4609969
2025/03/04,MTX,外資,136052,153093810,133936,150712165,2116,2381645,2339,2641788,6297,7112888,-3958,-4471100
2025/03/04,ZMX,外資,64339,14485125,62306,14019130,2033,465995,2377,536917,1188,268656,1189,268261
2025/03/05,TX,自營商,12002,54447152,13918,63238502,-1916,-8791350,5736,26266328,6480,29667115,-744,-3400787
2025/03/04,NQF,外資,2824,2932416,2653,2757234,171,175183,212,220529,3004,3095273,-2792,-2874744
2025/03/04,NQF,投信,0,0,0,0,0,0,20,20578,0,0,20,20578
2025/03/04,NQF,自營商,311,323608,309,321096,2,2512,0,0,288,296323,-288,-296323
2025/03/04,ZMX,投信,0,0,0,0,0,0,0,0,0,0,0,0
2025/03/05,TX,投信,442,2023442,50,229059,392,1794382,33324,152570602,5789,26504358,27535,126066244
2025/03/05,TX,外資,80984,367053120,78186,354287795,2798,12765325,15016,68751506,55930,256064839,-40914,-187313333
2025/03/05,TE,投信,0,0,0,0,0,0,185,920819,0,0,185,920819
2025/03/05,MTX,自營商,19102,21687316,16139,18310641,2963,3376676,5424,6210496,11431,13079289,-6007,-6868793
2025/03/05,TE,外資,596,2945302,564,2784183,32,161119,185,920819,603,3001372,-418,-2080553
2025/03/05,ZMX,自營商,26107,5938996,15581,3521055,10526,2417941,7770,1778932,16338,3740430,-8568,-1961498
2025/03/05,MTX,投信,0,0,0,0,0,0,153,175124,15,17169,138,157955
2025/03/05,ZMX,投信,0,0,0,0,0,0,0,0,0,0,0,0
2025/03/05,MTX,外資,136445,154479249,134683,152417771,1762,2061478,3497,4002717,5365,6141886,-1868,-2139169
2025/03/05,ZMX,外資,67684,15316775,61412,13881887,6272,1434888,150,34338,549,125815,-399,-91477
2025/03/05,NQF,自營商,283,288316,276,280946,7,7370,0,0,281,288882,-281,-288882
2025/03/05,NQF,外資,3535,3606249,3277,3342962,258,263287,206,214228,2740,2822014,-2534,-2607786
2025/03/06,TX,自營商,9432,43062765,8511,38859569,921,4203196,6310,28723884,5974,27191220,336,1532664
2025/03/05,NQF,投信,0,0,0,0,0,0,20,20561,0,0,20,20561
2025/03/05,TE,自營商,50,246409,70,346367,-20,-99958,30,149328,98,487791,-68,-338463
2025/03/06,TX,外資,62356,284762574,61812,282327544,544,2435030,14238,64817718,54723,249104418,-40485,-184286700
2025/03/06,TX,投信,252,1147888,151,687246,101,460642,33485,152437114,5849,26626988,27636,125810126
2025/03/06,TE,自營商,78,386829,78,385959,0,871,37,182564,105,518076,-68,-335512
2025/03/06,TE,投信,0,0,7,34608,-7,-34608,178,878252,0,0,178,878252
2025/03/06,TE,外資,579,2866429,577,2857823,2,8606,169,833846,585,2886390,-416,-2052544
2025/03/06,MTX,投信,0,0,2,2277,-2,-2277,153,174129,17,19348,136,154781
2025/03/06,MTX,外資,111270,127062707,114431,130654651,-3161,-3591944,2811,3199209,7819,8899148,-5008,-5699939
2025/03/06,ZMX,外資,49950,11412845,52512,11992141,-2562,-579296,147,33460,913,207877,-766,-174417
2025/03/06,ZMX,自營商,12577,2875383,22750,5191853,-10173,-2316469,6002,1365973,22643,5153236,-16641,-3787263
2025/03/06,ZMX,投信,0,0,0,0,0,0,0,0,0,0,0,0
2025/03/06,NQF,投信,0,0,0,0,0,0,20,20639,0,0,20,20639
2025/03/06,MTX,自營商,12522,14298310,14404,16448898,-1882,-2150588,2806,3193225,11751,13365083,-8945,-10171858
2025/03/06,NQF,自營商,161,165397,126,129650,35,35748,0,0,246,254138,-246,-254138
2025/03/06,NQF,外資,2454,2519178,2393,2453088,61,66090,183,191061,2656,2745818,-2473,-2554757
2025/03/07,TX,外資,62102,280446698,62075,280318741,27,127957,14205,63988681,54663,246218945,-40458,-182230264
2025/03/07,TX,自營商,8435,38080189,7891,35636959,544,2443231,6257,28184146,5179,23324251,1078,4859895
2025/03/07,TE,外資,425,2078521,450,2201923,-25,-123402,154,751027,595,2901696,-441,-2150669
2025/03/07,TX,投信,52,234589,627,2826579,-575,-2591989,33065,148944599,6004,27045642,27061,121898957
2025/03/07,MTX,自營商,11901,13439406,12271,13853081,-370,-413675,2803,3156761,12860,14473879,-10057,-11317118
2025/03/07,TE,投信,0,0,1,4909,-1,-4909,177,863194,0,0,177,863194
2025/03/07,MTX,投信,0,0,1,1126,-1,-1126,153,172301,18,20271,135,152030
2025/03/07,MTX,外資,112934,127543680,114380,129167587,-1446,-1623907,2605,2933627,9059,10202230,-6454,-7268603
2025/03/07,ZMX,自營商,12952,2926824,16803,3790907,-3851,-864082,6535,1471774,27277,6142728,-20742,-4670954
2025/03/07,NQF,投信,0,0,0,0,0,0,20,20188,0,0,20,20188
2025/03/07,TE,自營商,83,407178,85,415717,-2,-8539,59,287737,129,629116,-70,-341379
2025/03/07,ZMX,投信,0,0,0,0,0,0,0,0,0,0,0,0
2025/03/07,NQF,自營商,460,465829,512,518835,-52,-53006,0,0,298,301073,-298,-301073
2025/03/07,ZMX,外資,53534,12093367,54752,12366923,-1218,-273556,150,33785,2134,480734,-1984,-446949
2025/03/07,NQF,外資,2271,2306296,2635,2676197,-364,-369901,135,137875,2972,3005334,-2837,-2867459
2025/03/10,TX,自營商,11120,49918259,9926,44569499,1194,5348761,6904,30992584,4810,21588431,2094,9404153
2025/03/10,TX,投信,313,1405808,115,516449,198,889359,33344,149687885,6085,27316798,27259,122371087
2025/03/10,TX,外資,73563,330329387,74552,334782994,-989,-4453607,13920,62490396,56546,253830419,-42626,-191340023
2025/03/10,TE,自營商,101,490601,119,577288,-18,-86688,54,261754,142,688311,-88,-426557
2025/03/10,TE,外資,657,3187127,652,3163313,5,23814,147,712538,583,2825918,-436,-2113380
2025/03/10,TE,投信,0,0,0,0,0,0,177,857954,0,0,177,857954
2025/03/10,MTX,投信,0,0,0,0,0,0,153,171712,18,20201,135,151511
2025/03/10,MTX,自營商,14701,16503309,14293,16040086,408,463224,3121,3503207,12346,13848082,-9225,-10344875
2025/03/10,MTX,外資,133292,149651468,134296,150760715,-1004,-1109248,2748,3084081,5490,6161768,-2742,-3077687
2025/03/10,ZMX,外資,66669,14973960,66211,14867517,458,106443,147,32996,1673,375575,-1526,-342579
2025/03/10,ZMX,自營商,20709,4656585,24618,5520825,-3909,-864240,6752,1515474,29963,6724733,-23211,-5209259
2025/03/10,ZMX,投信,0,0,0,0,0,0,0,0,0,0,0,0
2025/03/10,NQF,投信,0,0,0,0,0,0,20,20113,0,0,20,20113
2025/03/11,TX,自營商,15064,66164130,13895,61122408,1169,5041722,7508,33073478,4496,19801729,3012,13271749
2025/03/10,NQF,外資,3227,3243264,3153,3167341,74,75923,44,44782,2807,2827807,-2763,-2783025
2025/03/11,TX,投信,1144,5041448,404,1778583,740,3262866,34420,151633871,6421,28287082,27999,123346789
2025/03/10,NQF,自營商,461,462148,391,391477,70,70671,0,0,228,229561,-228,-229561
2025/03/11,TX,外資,83183,366264995,86254,379709098,-3071,-13444103,13327,58711388,59024,260006979,-45697,-201295591
2025/03/11,TE,自營商,208,984101,114,541220,94,442881,71,336486,64,303311,7,33175
2025/03/11,TE,投信,0,0,0,0,0,0,177,838838,0,0,177,838838
2025/03/11,MTX,自營商,20189,22197328,18503,20362774,1686,1834554,5371,5916181,12109,13327548,-6738,-7411367
2025/03/11,TE,外資,798,3767636,874,4124671,-76,-357035,154,729837,666,3156307,-512,-2426470
2025/03/11,ZMX,自營商,17903,3938122,21966,4848061,-4063,-909939,8914,1963481,35173,7746420,-26259,-5782939
2025/03/11,MTX,投信,0,0,3,3306,-3,-3306,153,168507,21,23128,132,145379
2025/03/11,MTX,外資,146229,161084278,149128,164310367,-2899,-3226090,2468,2718145,8109,8931155,-5641,-6213010
2025/03/11,NQF,自營商,511,497582,462,451182,49,46400,0,0,179,174451,-179,-174451
2025/03/11,ZMX,投信,0,0,0,0,0,0,0,0,0,0,0,0
2025/03/11,NQF,投信,0,0,0,0,0,0,20,19459,0,0,20,19459
2025/03/11,ZMX,外資,73844,16276456,74236,16375349,-392,-98894,149,32820,2067,455369,-1918,-422549
2025/03/11,NQF,外資,3508,3434350,3589,3524706,-81,-90356,3,2919,2847,2777277,-2844,-2774358
2025/03/12,TX,外資,73955,326841041,71846,317438785,2109,9402256,13337,59304537,56746,252301744,-43409,-192997207
2025/03/12,TE,自營商,117,559410,125,597333,-8,-37924,91,437377,92,442032,-1,-4655
2025/03/12,TX,自營商,11400,50416511,12841,56899533,-1441,-6483022,7830,34806057,6235,27712111,1595,7093946
2025/03/12,TX,投信,1251,5557025,187,831302,1064,4725723,35628,158430373,6565,29193209,29063,129237164
2025/03/12,TE,投信,0,0,0,0,0,0,177,850733,0,0,177,850733
2025/03/12,TE,外資,621,2973692,584,2795144,37,178548,129,619910,604,2903066,-475,-2283156
2025/03/12,MTX,自營商,18257,20199969,17013,18819546,1244,1380423,6756,7507688,12389,13753336,-5633,-6245648
2025/03/12,ZMX,自營商,20101,4451111,10986,2423145,9115,2027966,14543,3233474,31272,6949019,-16729,-3715545
2025/03/12,MTX,投信,2,2224,0,0,2,2224,153,170090,19,21122,134,148968
2025/03/12,ZMX,投信,0,0,0,0,0,0,0,0,0,0,0,0
2025/03/12,MTX,外資,133914,147889983,129997,143528200,3917,4361783,3160,3512921,4808,5344078,-1648,-1831157
2025/03/12,NQF,投信,0,0,0,0,0,0,20,19484,0,0,20,19484
2025/03/12,ZMX,外資,67675,14944438,62870,13872741,4805,1071696,150,33351,1223,271790,-1073,-238439
2025/03/12,NQF,自營商,71,69039,140,136004,-69,-66964,0,0,248,241845,-248,-241845
2025/03/13,TX,自營商,10329,45901354,10822,48126283,-493,-2224930,7161,31390563,6204,27191296,957,4199267
2025/03/12,NQF,外資,3338,3252049,3450,3359005,-112,-106956,0,0,2956,2886332,-2956,-2886332
2025/03/13,TX,投信,1313,5799996,594,2610701,719,3189295,36603,160489421,6821,29907348,29782,130582073
2025/03/13,TX,外資,70563,314267026,68797,306457652,1766,7809373,15760,69100145,57492,252052565,-41732,-182952420
2025/03/13,TE,投信,0,0,0,0,0,0,177,836927,0,0,177,836927
2025/03/13,TE,自營商,112,537629,96,461913,16,75716,107,505939,92,435139,15,70800
2025/03/13,TE,外資,663,3193148,607,2922081,56,271067,139,657345,558,2638447,-419,-1981102
2025/03/13,MTX,自營商,15857,17633485,18469,20530319,-2612,-2896834,5783,6337266,13488,14769085,-7705,-8431819
2025/03/13,MTX,投信,0,0,3,3289,-3,-3289,153,167711,22,24115,131,143596
2025/03/13,MTX,外資,133177,148362181,131400,146378279,1777,1983902,6708,7352937,6695,7338397,13,14540
2025/03/13,NQF,投信,0,0,0,0,0,0,20,19449,0,0,20,19449
2025/03/13,ZMX,外資,67046,14944298,68546,15270636,-1500,-326337,154,33761,367,80461,-213,-46700
2025/03/13,ZMX,投信,0,0,0,0,0,0,0,0,0,0,0,0
2025/03/13,ZMX,自營商,16709,3724161,21577,4794829,-4868,-1070668,11672,2558845,33069,7246892,-21397,-4688047
2025/03/13,NQF,自營商,165,161921,94,92056,71,69865,0,0,177,172391,-177,-172391
2025/03/13,NQF,外資,2764,2710940,2625,2573419,139,137520,10,9725,2827,2755507,-2817,-2745782
2025/03/14,TX,自營商,11109,48811946,10618,46666040,491,2145906,7133,31320469,5676,24919026,1457,6401443
2025/03/14,TX,投信,618,2713814,459,2014493,159,699321,36997,162505029,7056,30992668,29941,131512361
2025/03/14,TE,投信,7,33171,4,18872,3,14299,180,851256,0,0,180,851256
2025/03/14,TX,外資,72778,319830068,73044,320989847,-266,-1159779,16230,71282659,58107,255193858,-41877,-183911199
2025/03/14,MTX,投信,111,121846,110,120764,1,1082,154,169067,22,24148,132,144919
2025/03/14,TE,自營商,101,477846,57,269702,44,208144,153,723566,94,444483,59,279083
2025/03/14,TE,外資,448,2120261,512,2422674,-64,-302414,116,548537,599,2832774,-483,-2284237
2025/03/14,MTX,自營商,13345,14663561,13132,14424044,213,239517,5804,6371108,13315,14604958,-7511,-8233850
2025/03/14,MTX,外資,130715,143601921,129713,142499617,1002,1102304,6594,7240598,5780,6345938,814,894660
2025/03/14,ZMX,投信,0,0,0,0,0,0,0,0,0,0,0,0
2025/03/14,ZMX,自營商,15497,3407870,15074,3308930,423,98940,11744,2579209,32803,7200768,-21059,-4621559
2025/03/14,NQF,自營商,277,269184,222,215243,55,53941,0,0,122,118744,-122,-118744
2025/03/14,NQF,外資,2834,2751469,2948,2862224,-114,-110755,4,3885,2935,2857153,-2931,-2853268
2025/03/14,NQF,投信,0,0,0,0,0,0,20,19424,0,0,20,19424
2025/03/17,TX,自營商,11361,50377655,12931,57352311,-1570,-6974656,6526,28910731,6727,29797519,-201,-886788
2025/03/17,TX,投信,19518,86649311,19186,85177141,332,1472170,37341,165461260,7068,31318991,30273,134142269
2025/03/17,TX,外資,87477,387908310,86557,383852587,920,4055723,18785,83238694,58347,258515395,-39562,-175276701
2025/03/17,TE,自營商,212,1013197,142,678622,70,334575,236,1127455,107,511340,129,616115
2025/03/14,ZMX,外資,62397,13709435,60572,13307028,1825,402407,308,67629,111,24380,197,43249
2025/03/17,TE,外資,686,3283303,751,3593995,-65,-310693,82,391772,630,3009972,-548,-2618200
2025/03/17,TE,投信,86,411369,59,281987,27,129382,207,989138,0,0,207,989138
2025/03/17,MTX,自營商,14750,16352493,14602,16185909,148,166583,7527,8335755,14543,16095140,-7016,-7759385
2025/03/17,MTX,外資,98732,109369686,94203,104365791,4529,5003895,5647,6255502,5068,5614199,579,641303
2025/03/17,ZMX,自營商,17339,3842083,10785,2388643,6554,1453440,12420,2751624,26900,5957573,-14480,-3205949
2025/03/17,ZMX,投信,0,0,0,0,0,0,0,0,0,0,0,0
2025/03/17,ZMX,外資,44304,9810245,39689,8789304,4615,1020942,781,173037,49,10861,732,162176
2025/03/17,NQF,投信,0,0,0,0,0,0,20,19605,0,0,20,19605
2025/03/17,NQF,自營商,0,0,81,80106,-81,-80106,0,0,203,199988,-203,-199988
2025/03/18,TX,投信,21913,97486731,22102,98293227,-189,-806497,37083,165003741,6999,31141761,30084,133861980
2025/03/18,TX,自營商,12209,54370385,13195,58767720,-986,-4397335,6811,30285845,7798,34672390,-987,-4386545
2025/03/17,NQF,外資,1566,1534604,1325,1296823,241,237781,10,9803,2700,2653032,-2690,-2643229
2025/03/18,TE,自營商,110,528455,143,687100,-33,-158645,188,902099,93,446426,95,455673
2025/03/18,TE,投信,78,374824,79,379286,-1,-4461,207,993785,0,0,207,993785
2025/03/18,TX,外資,74427,331411241,74270,330727378,157,683863,21709,96573796,60909,270942345,-39200,-174368549
2025/03/18,MTX,投信,24,26700,18,20005,6,6696,156,173542,17,18912,139,154630
2025/03/18,TE,外資,446,2143298,400,1922073,46,221225,87,417610,589,2826827,-502,-2409217
2025/03/18,MTX,自營商,14117,15723584,13770,15333046,347,390538,7170,7968550,14451,16052697,-7281,-8084147
2025/03/17,MTX,投信,48,53172,47,52065,1,1107,152,168385,19,21048,133,147337
2025/03/18,MTX,外資,81293,90543435,78639,87577200,2654,2966235,7906,8786644,4486,4988185,3420,3798459
2025/03/18,ZMX,自營商,12017,2678170,12115,2697611,-98,-19441,11171,2482955,26689,5932571,-15518,-3449616
2025/03/18,ZMX,投信,0,0,0,0,0,0,0,0,0,0,0,0
2025/03/18,NQF,外資,1741,1721328,1464,1446782,277,274546,12,11833,2425,2398065,-2413,-2386232
2025/03/18,NQF,投信,16,15992,16,15806,0,186,20,19915,0,0,20,19915
2025/03/18,ZMX,外資,38308,8534721,33718,7509223,4590,1025498,311,69172,24,5340,287,63832
2025/03/18,NQF,自營商,6,5944,9,8849,-3,-2905,0,0,206,204185,-206,-204185
2025/03/19,TE,自營商,301,1432045,335,1594862,-34,-162817,64,302912,53,250849,11,52063
2025/03/19,TX,投信,2575,11378897,3056,13494132,-481,-2115235,36504,160749014,6913,30442087,29591,130306927
2025/03/19,TX,自營商,14441,63902405,12265,54307231,2176,9595174,4870,21444570,4530,19946465,340,1498105
2025/03/19,TE,投信,44,210195,43,204958,1,5237,208,984464,0,0,208,984464
2025/03/19,TX,外資,57741,255665190,58588,259380030,-847,-3714840,15254,67172607,51650,227429935,-36396,-160257328
2025/03/19,MTX,外資,83460,92456171,89552,99181656,-6092,-6725485,1337,1471908,4457,4906817,-3120,-3434909
2025/03/19,MTX,自營商,18170,20109122,18691,20683995,-521,-574874,2336,2573176,11859,13050162,-9523,-10476986
2025/03/19,MTX,投信,0,0,0,0,0,0,156,171740,17,18715,139,153025
2025/03/19,ZMX,投信,0,0,0,0,0,0,0,0,0,0,0,0
2025/03/19,TE,外資,576,2745284,592,2819498,-16,-74214,92,435436,492,2328636,-400,-1893200
2025/03/19,ZMX,自營商,13329,2952152,20964,4638974,-7635,-1686822,20,4378,23726,5223634,-23706,-5219256
2025/03/19,NQF,投信,0,0,2,1954,-2,-1954,18,17781,0,0,18,17781
2025/03/19,NQF,自營商,65,63789,71,69519,-6,-5730,1,977,213,209213,-212,-208236
2025/03/19,NQF,外資,1621,1588999,1783,1749396,-162,-160397,5,4886,2580,2529016,-2575,-2524130
2025/03/20,TX,自營商,6462,28777582,8209,36559088,-1747,-7781506,4034,18037146,5642,25225846,-1608,-7188700
2025/03/19,ZMX,外資,36684,8133854,43371,9608155,-6687,-1474301,57,12572,125,27565,-68,-14993
2025/03/20,TX,投信,527,2357892,453,2026463,74,331429,36372,162691956,6707,30000411,29665,132691545
2025/03/20,TE,自營商,50,240707,33,158618,17,82089,78,377411,51,246769,27,130642
2025/03/20,TX,外資,51261,227917335,48468,215513422,2793,12403912,17545,78478858,50707,226786201,-33162,-148307343
2025/03/20,TE,投信,0,0,0,0,0,0,208,1006429,0,0,208,1006429
2025/03/20,TE,外資,391,1879735,351,1687699,40,192036,117,566116,477,2308012,-360,-1741896
2025/03/20,MTX,投信,0,0,4,4451,-4,-4451,152,169974,17,19010,135,150964
2025/03/20,MTX,外資,90840,100904417,83071,92276707,7769,8627710,7771,8690173,2915,3259712,4856,5430461
2025/03/20,MTX,自營商,11298,12565541,10052,11173054,1246,1392487,3670,4101727,11197,12504844,-7527,-8403117
2025/03/20,ZMX,外資,46324,10282438,36360,8067072,9964,2215367,53,11858,12,2684,41,9174
2025/03/20,ZMX,投信,0,0,0,0,0,0,0,0,0,0,0,0
2025/03/20,ZMX,自營商,20850,4640983,7558,1677922,13292,2963061,3539,790929,13683,3057256,-10144,-2266327
2025/03/20,NQF,自營商,74,72919,58,57271,16,15648,4,3975,200,200044,-196,-196069
2025/03/20,NQF,投信,2,2007,2,1983,0,24,18,18098,0,0,18,18098
2025/03/20,NQF,外資,1253,1238620,916,905746,337,332874,18,17887,2256,2249530,-2238,-2231643
2025/03/21,TX,投信,74,328461,420,1863723,-346,-1535263,36134,160297651,6815,30232703,29319,130064948
2025/03/21,TE,自營商,32,154170,42,202138,-10,-47968,73,350123,56,268587,17,81536
2025/03/21,TE,投信,2,9599,0,0,2,9599,210,1007202,0,0,210,1007202
2025/03/21,TX,自營商,6934,30861853,5700,25380937,1234,5480916,4546,20159776,4940,21904857,-394,-1745081
2025/03/21,TX,外資,53584,238641620,55526,247261349,-1942,-8619728,14590,64724614,50178,222571670,-35588,-157847056
2025/03/21,ZMX,自營商,7990,1780393,18057,4015070,-10067,-2234678,359,79048,18955,4201542,-18596,-4122494
2025/03/21,MTX,自營商,8281,9218237,9844,10952500,-1563,-1734263,2924,3240826,12257,13577383,-9333,-10336557
2025/03/21,TE,外資,461,2218536,469,2256186,-8,-37650,127,609117,495,2374119,-368,-1765002
2025/03/21,MTX,投信,4,4457,0,0,4,4457,156,173012,17,18854,139,154158
2025/03/21,ZMX,投信,0,0,0,0,0,0,0,0,0,0,0,0
2025/03/21,NQF,自營商,97,95799,51,50190,46,45609,0,0,121,120201,-121,-120201
2025/03/21,MTX,外資,96727,107714478,102549,114181561,-5822,-6467083,4232,4693648,4953,5493173,-721,-799525
2025/03/21,ZMX,外資,42611,9492373,51522,11473743,-8911,-1981370,13,2884,428,95024,-415,-92140
2025/03/21,NQF,投信,0,0,0,0,0,0,18,17881,0,0,18,17881
2025/03/21,NQF,外資,1927,1910708,1951,1937553,-24,-26845,2,1987,1149,1141417,-1147,-1139430
2025/03/24,TX,外資,45621,202330188,46203,204918679,-582,-2588491,14104,62484504,50165,222212175,-36061,-159727671
2025/03/24,TX,自營商,6690,29708908,6345,28186157,345,1522751,4534,20078978,4665,20657160,-131,-578182
2025/03/24,TE,投信,0,0,0,0,0,0,210,1004598,0,0,210,1004598
2025/03/24,TE,外資,304,1460475,299,1435706,5,24769,125,597975,488,2334494,-363,-1736519
2025/03/24,TE,自營商,37,177354,31,148729,6,28626,76,363574,53,253541,23,110033
2025/03/24,MTX,投信,0,0,0,0,0,0,156,172778,17,18828,139,153950
2025/03/24,MTX,自營商,9687,10764773,10248,11374584,-561,-609811,2171,2402443,11868,13127955,-9697,-10725512
2025/03/24,MTX,外資,89766,99531574,91254,101172995,-1488,-1641421,2861,3168848,5506,6098370,-2645,-2929522
2025/03/24,ZMX,自營商,11991,2668596,13810,3059925,-1819,-391330,399,87765,20159,4462447,-19760,-4374682
2025/03/24,ZMX,外資,45748,10142752,46264,10250668,-516,-107916,42,9311,973,215697,-931,-206386
2025/03/24,ZMX,投信,0,0,0,0,0,0,0,0,0,0,0,0
2025/03/24,TX,投信,0,0,55,243669,-55,-243669,36083,159854907,6819,30209534,29264,129645373
2025/03/24,NQF,投信,0,0,0,0,0,0,18,18113,0,0,18,18113
2025/03/25,TX,自營商,6963,31071582,8479,37836764,-1516,-6765181,3718,16573536,5410,24117149,-1692,-7543613
2025/03/24,NQF,自營商,60,60371,30,30180,30,30192,0,0,91,91573,-91,-91573
2025/03/24,NQF,外資,1413,1402238,1432,1417702,-19,-15464,19,19120,1259,1267040,-1240,-1247920
2025/03/25,TX,外資,45557,203238224,42861,191194578,2696,12043646,15641,69762765,47521,211921228,-31880,-142158463
2025/03/25,TE,自營商,43,208049,44,212887,-1,-4837,74,358269,52,251753,22,106516
2025/03/25,TE,外資,415,2007507,341,1649821,74,357686,139,672955,428,2072119,-289,-1399164
2025/03/25,TE,投信,0,0,20,96566,-20,-96566,190,919866,0,0,190,919866
2025/03/25,MTX,投信,3,3345,4,4452,-1,-1107,152,169488,14,15611,138,153877
2025/03/25,MTX,自營商,10688,11928480,9797,10929150,891,999330,2758,3071482,11334,12618112,-8576,-9546630
2025/03/25,MTX,外資,83535,93153506,76037,84798311,7498,8355195,3314,3695390,3197,3564932,117,130458
2025/03/25,ZMX,自營商,17442,3893013,10634,2369494,6808,1523519,1139,253304,14341,3194575,-13202,-2941271
2025/03/25,ZMX,投信,0,0,0,0,0,0,0,0,0,0,0,0
2025/03/25,ZMX,外資,41072,9159330,34141,7612391,6931,1546939,90,20074,110,24549,-20,-4475
2025/03/25,NQF,自營商,14,14194,31,31539,-17,-17345,0,0,108,109901,-108,-109901
2025/03/25,NQF,外資,1163,1180958,820,832911,343,348046,104,105939,1001,1018618,-897,-912679
2025/03/26,TX,自營商,7126,31819840,6425,28702400,701,3117441,3382,15076518,4474,19943964,-1092,-4867446
2025/03/25,NQF,投信,0,0,0,0,0,0,18,18317,0,0,18,18317
2025/03/26,TX,投信,16,71406,134,598039,-118,-526633,36059,160851987,6753,30123782,29306,130728205
2025/03/26,TX,外資,36665,163808573,37801,168861720,-1136,-5053147,15683,69959706,48699,217203584,-33016,-147243878
2025/03/25,TX,投信,184,820758,24,107048,160,713710,36176,161352195,6752,30115270,29424,131236925
2025/03/26,TE,自營商,26,125698,19,91907,7,33790,69,333394,53,256085,16,77309
2025/03/26,TE,投信,0,0,0,0,0,0,190,918042,0,0,190,918042
2025/03/26,TE,外資,267,1292682,306,1481372,-39,-188691,126,608807,454,2193637,-328,-1584830
2025/03/26,MTX,自營商,8554,9557254,9938,11094012,-1384,-1536759,1998,2224516,11494,12798068,-9496,-10573552
2025/03/26,ZMX,自營商,8638,1930978,10339,2306984,-1701,-376006,688,152737,15666,3490722,-14978,-3337985
2025/03/26,ZMX,外資,31760,7096678,30657,6847695,1103,248983,1092,243568,9,2007,1083,241561
2025/03/26,MTX,外資,65389,73041786,64552,72097065,837,944720,4280,4773177,3326,3709349,954,1063828
2025/03/26,NQF,自營商,32,32839,21,21468,11,11371,0,0,97,99352,-97,-99352
2025/03/26,MTX,投信,3,3345,0,0,3,3345,155,172856,14,15613,141,157243
2025/03/26,ZMX,投信,0,0,0,0,0,0,0,0,0,0,0,0
2025/03/27,TX,自營商,8175,35986383,8002,35218263,173,768120,4514,19826684,5473,24036977,-959,-4210293
2025/03/26,NQF,投信,0,0,0,0,0,0,18,18437,0,0,18,18437
2025/03/26,NQF,外資,912,932390,900,919666,12,12724,54,55477,939,961771,-885,-906294
2025/03/27,TE,自營商,50,236852,72,341494,-22,-104643,50,236880,56,265306,-6,-28426
2025/03/27,TE,外資,451,2138666,476,2258244,-25,-119578,76,360058,429,2032430,-353,-1672372
2025/03/27,TX,投信,33,145053,275,1208662,-242,-1063609,36020,158279084,6956,30566055,29064,127713029
2025/03/27,TX,外資,50458,222409154,51545,227223744,-1087,-4814590,14125,62069551,50539,222046071,-36414,-159976520
2025/03/27,TE,投信,0,0,0,0,0,0,190,900144,0,0,190,900144
2025/03/27,MTX,自營商,10455,11517554,11723,12912828,-1268,-1395274,2951,3239481,13885,15235285,-10934,-11995804
2025/03/27,ZMX,自營商,7176,1580563,24040,5307118,-16864,-3726555,545,119101,30737,6749945,-30192,-6630844
2025/03/27,MTX,外資,81439,89790971,93008,102601064,-11569,-12810093,1695,1862181,5087,5588728,-3392,-3726547
2025/03/27,ZMX,外資,36093,7964871,47344,10453806,-11251,-2488935,7,1538,70,15383,-63,-13845
2025/03/27,MTX,投信,0,0,2,2197,-2,-2197,155,170275,16,17577,139,152698
2025/03/27,ZMX,投信,0,0,0,0,0,0,0,0,0,0,0,0
2025/03/27,NQF,投信,0,0,0,0,0,0,18,18140,0,0,18,18140
2025/03/27,NQF,自營商,33,33366,93,94131,-60,-60766,0,0,157,158225,-157,-158225
2025/03/27,NQF,外資,1007,1021415,1331,1349599,-324,-328184,0,0,1209,1218628,-1209,-1218628
2025/03/28,TX,投信,457,1973872,645,2782107,-188,-808235,36354,157042009,7478,32303464,28876,124738545
2025/03/28,TX,自營商,10678,46298887,9884,42852700,794,3446186,5161,22284779,5326,22995244,-165,-710465
2025/03/28,TX,外資,63800,277262076,64087,278528798,-287,-1266722,13875,59939812,50572,218429250,-36697,-158489438
2025/03/28,TE,外資,409,1908692,451,2103588,-42,-194896,92,427892,487,2265037,-395,-1837145
2025/03/28,TE,投信,0,0,0,0,0,0,190,883690,0,0,190,883690
2025/03/28,TE,自營商,53,246739,63,294177,-10,-47438,53,246506,69,320919,-16,-74413
2025/03/28,MTX,自營商,13339,14472434,13390,14531952,-51,-59518,3579,3863199,14580,15727578,-11001,-11864379
2025/03/28,MTX,外資,111670,121405104,113615,123526061,-1945,-2120956,527,569281,5880,6350692,-5353,-5781411
2025/03/28,MTX,投信,0,0,1,1080,-1,-1080,155,167392,17,18359,138,149033
2025/03/28,ZMX,外資,49923,10871604,52313,11389762,-2390,-518158,7,1512,2460,531497,-2453,-529985
2025/03/28,NQF,自營商,176,176455,158,158568,18,17887,0,0,139,138924,-139,-138924
2025/03/28,ZMX,投信,0,0,0,0,0,0,0,0,0,0,0,0
2025/03/28,NQF,外資,1180,1184541,1015,1019073,165,165468,12,11993,1056,1055872,-1044,-1043879
2025/03/28,NQF,投信,0,0,0,0,0,0,18,17990,0,0,18,17990
2025/03/31,TX,自營商,14637,61445471,15339,64325248,-702,-2879777,4763,19768659,5738,23819152,-975,-4050493
2025/03/31,TX,投信,791,3285884,502,2087517,289,1198368,37126,154176853,7961,33060441,29165,121116412
2025/03/31,TE,自營商,95,426993,49,221479,46,205514,75,333765,45,200259,30,133506
2025/03/31,TX,外資,89257,376307053,83367,351584927,5890,24722126,18157,75404957,47470,197094951,-29313,-121689994
2025/03/31,TE,投信,2,8905,13,58449,-11,-49544,189,841088,10,44502,179,796586
2025/03/31,TE,外資,649,2919405,696,3128916,-47,-209511,113,502873,555,2469861,-442,-1966988
2025/03/31,MTX,自營商,19711,20730530,20276,21309722,-565,-579192,3261,3386251,14384,14914444,-11123,-11528193
2025/03/31,MTX,外資,150972,159384513,142569,150556186,8403,8828326,1711,1776566,3723,3865855,-2012,-2089289
2025/03/31,ZMX,自營商,18170,3835342,16923,3573369,1247,261973,280,57621,35089,7282390,-34809,-7224769
2025/03/31,MTX,投信,4,4158,0,0,4,4158,159,165074,17,17649,142,147425
2025/03/31,ZMX,投信,0,0,0,0,0,0,0,0,0,0,0,0
2025/03/31,NQF,投信,0,0,0,0,0,0,18,17307,0,0,18,17307
2025/03/31,NQF,自營商,177,171076,164,158691,13,12385,0,0,126,121149,-126,-121149
2025/03/31,ZMX,外資,73553,15567638,67567,14303685,5986,1263954,11,2284,1048,217827,-1037,-215543
2025/03/31,NQF,外資,1958,1920208,2090,2051732,-132,-131524,0,0,1176,1131267,-1176,-1131267
2025/03/28,ZMX,自營商,14785,3211679,20674,4487668,-5889,-1275989,495,106179,36496,7879279,-36001,-7773100
2025/04/01,TX,自營商,10622,44676753,10747,45274276,-125,-597523,4499,19049290,5726,24251224,-1227,-5201934
2025/04/01,TX,外資,76794,322581800,77079,323647617,-285,-1065817,17363,73576004,46748,198045297,-29385,-124469293
2025/04/01,TX,投信,1056,4477994,15,63567,1041,4414427,37940,160766956,7734,32772052,30206,127994904
2025/04/01,TE,投信,0,0,3,13694,-3,-13694,186,849053,10,45648,176,803405
2025/04/01,TE,自營商,35,158192,108,490532,-73,-332341,49,223675,92,419962,-43,-196287
2025/04/01,TE,外資,673,3052233,549,2488611,124,563622,123,561470,441,2013077,-318,-1451607
2025/04/01,MTX,外資,125094,131231245,123637,129677815,1457,1553429,2969,3145346,3002,3180374,-33,-35028
2025/04/01,MTX,投信,2,2120,0,0,2,2120,159,168437,15,15890,144,152547
2025/04/01,ZMX,投信,0,0,0,0,0,0,0,0,0,0,0,0
2025/04/01,ZMX,自營商,22965,4826669,10251,2149560,12714,2677109,3179,672877,23224,4916252,-20045,-4243375
2025/04/01,MTX,自營商,17608,18498032,13691,14374737,3917,4123295,3853,4082094,10961,11587762,-7108,-7505668
2025/04/01,ZMX,外資,64491,13521627,56300,11795326,8191,1726301,335,71027,51,10805,284,60222
2025/04/01,NQF,投信,0,0,0,0,0,0,18,17451,0,0,18,17451
2025/04/02,TX,自營商,9844,41844180,10230,43490052,-386,-1645872,4980,21198873,6571,27976002,-1591,-6777129
2025/04/01,NQF,外資,1895,1822257,2081,1999595,-186,-177338,11,10665,1373,1331672,-1362,-1321007
2025/04/01,NQF,自營商,235,225631,276,264476,-41,-38846,0,0,167,161907,-167,-161907
2025/04/02,TX,投信,29,123343,435,1852326,-406,-1728983,37531,159852035,7731,32927875,29800,126924160
2025/04/02,TE,外資,342,1568470,315,1444903,27,123567,136,623234,427,1956770,-291,-1333536
2025/04/02,TE,投信,0,0,0,0,0,0,186,852364,10,45826,176,806538
2025/04/02,MTX,投信,0,0,3,3195,-3,-3195,156,166109,15,15972,141,150137
2025/04/02,TX,外資,69877,296959911,66429,282297216,3448,14662695,19514,83117028,43799,186507788,-24285,-103390760
2025/04/02,MTX,外資,119966,127434868,113734,120808792,6232,6626076,3456,3680254,3051,3249188,405,431066
2025/04/02,TE,自營商,33,151574,65,298138,-32,-146564,53,242881,128,586573,-75,-343692
2025/04/02,MTX,自營商,12448,13226794,10536,11193702,1912,2033092,4603,4902332,9985,10609473,-5382,-5707141
2025/04/02,ZMX,自營商,13887,2953541,9995,2119603,3892,833938,4195,892712,19993,4254057,-15798,-3361345
2025/04/02,NQF,自營商,94,91461,83,80653,11,10808,0,0,156,152857,-156,-152857
2025/04/02,ZMX,外資,61070,12972721,57278,12162539,3792,810182,10,2130,4,852,6,1278
2025/04/02,ZMX,投信,0,0,0,0,0,0,0,0,0,0,0,0
2025/04/02,NQF,投信,0,0,0,0,0,0,18,17637,0,0,18,17637
2025/04/02,NQF,外資,1966,1915512,1774,1727942,192,187570,0,0,1170,1146795,-1170,-1146795
2025/04/07,TX,自營商,3754,15669647,4036,16757335,-282,-1087689,4603,17633143,6455,24733459,-1852,-7100316
2025/04/07,TX,投信,0,0,0,0,0,0,37531,143871335,7731,29636015,29800,114235320
2025/04/07,TX,外資,45852,195276895,46277,197490415,-425,-2213520,18576,71212423,43727,167586907,-25151,-96374484
2025/04/07,TE,投信,0,0,0,0,0,0,186,767138,10,41244,176,725894
2025/04/07,MTX,自營商,9808,10205481,11143,11494464,-1335,-1288983,4831,4630413,11554,11053204,-6723,-6422791
2025/04/07,TE,自營商,3,13891,12,54838,-9,-40947,52,214472,136,560918,-84,-346446
2025/04/07,TE,外資,72,332270,45,207808,27,124462,165,680526,429,1769368,-264,-1088842
2025/04/07,ZMX,自營商,13461,2865459,10808,2269902,2653,595557,3473,665171,17008,3256333,-13535,-2591162
2025/04/07,MTX,投信,0,0,0,0,0,0,156,149503,15,14375,141,135128
2025/04/07,MTX,外資,93727,100038081,98084,104603430,-4357,-4565349,2047,1961960,5502,5273311,-3455,-3311351
2025/04/07,ZMX,外資,49028,10485691,55363,11813651,-6335,-1327960,10,1917,4,767,6,1150
2025/04/07,ZMX,投信,0,0,0,0,0,0,0,0,0,0,0,0
2025/04/07,NQF,投信,0,0,0,0,0,0,18,15089,0,0,18,15089
2025/04/07,NQF,自營商,263,223718,203,175500,60,48217,18,15089,114,95566,-96,-80477
2025/04/07,NQF,外資,2213,2062169,2256,2102082,-43,-39914,11,9221,1224,1026599,-1213,-1017378
2025/04/08,TX,自營商,23510,85929223,20747,75749095,2763,10180128,5590,20287997,4658,16907756,932,3380241
2025/04/08,TX,投信,2677,9789012,4821,17342986,-2144,-7553973,38117,138509483,10461,38013182,27656,100496301
2025/04/08,TE,投信,17,66136,12,47308,5,18828,181,698117,0,0,181,698117
2025/04/08,TE,自營商,140,545398,76,295848,64,249550,69,266133,89,343273,-20,-77140
2025/04/08,TX,外資,207161,755307972,211985,773798916,-4824,-18490944,18277,66411195,48354,175642777,-30077,-109231582
2025/04/08,TE,外資,767,2981580,771,2999389,-4,-17809,287,1106959,555,2140635,-268,-1033676
2025/04/08,MTX,自營商,33548,30576389,33665,30719282,-117,-142893,5348,4865788,12253,11109423,-6905,-6243635
2025/04/08,MTX,外資,392465,357668771,391330,356896542,1135,772228,7400,6722311,8937,8118211,-1537,-1395900
2025/04/08,ZMX,外資,192570,35090942,190684,34799876,1886,291067,30,5441,13,2362,17,3079
2025/04/08,MTX,投信,0,0,0,0,0,0,156,141718,15,13627,141,128091
2025/04/08,ZMX,自營商,29866,5451408,32807,5995951,-2941,-544543,2967,536886,19538,3542928,-16571,-3006042
2025/04/08,NQF,自營商,191,168522,184,158633,7,9889,0,0,89,78921,-89,-78921
2025/04/08,NQF,外資,2695,2342864,2155,1867003,540,475861,250,221716,923,818803,-673,-597087
2025/04/09,TX,自營商,24998,89406894,23271,83049493,1727,6357401,6784,23291087,4426,15196079,2358,8095008
2025/04/08,NQF,投信,0,0,0,0,0,0,18,15962,0,0,18,15962
2025/04/08,ZMX,投信,0,0,0,0,0,0,0,0,0,0,0,0
2025/04/09,TX,外資,192271,693750300,190001,686101810,2270,7648490,19331,66435972,47202,162167189,-27871,-95731217
2025/04/09,TX,投信,818,2831949,1149,4031307,-331,-1199358,38173,131192954,10848,37282403,27325,93910551
2025/04/09,TE,外資,1254,4792915,1251,4780922,3,11993,319,1174430,584,2150054,-265,-975624
2025/04/09,TE,自營商,169,652641,138,532222,31,120418,115,423387,122,449161,-7,-25774
2025/04/09,TE,投信,0,0,0,0,0,0,181,666370,0,0,181,666370
2025/04/09,MTX,投信,4,3599,0,0,4,3599,160,137472,15,12888,145,124584
2025/04/09,MTX,自營商,33558,30022151,36579,32698543,-3021,-2676392,4482,3847262,13528,11597694,-9046,-7750432
2025/04/09,MTX,外資,368015,332456726,368029,332357780,-14,98946,9161,7871094,10684,9179487,-1523,-1308393
2025/04/09,ZMX,自營商,26979,4909407,37826,6790875,-10847,-1881469,3498,599372,31596,5423326,-28098,-4823954
2025/04/09,NQF,投信,0,0,0,0,0,0,18,15166,0,0,18,15166
2025/04/09,ZMX,投信,0,0,0,0,0,0,0,0,0,0,0,0
2025/04/09,ZMX,外資,193177,34974463,194721,35257682,-1544,-283219,14,2406,401,68906,-387,-66500
2025/04/09,NQF,自營商,46,40347,187,160399,-141,-120052,0,0,230,193787,-230,-193787
2025/04/10,TX,自營商,8439,30484558,9804,35314410,-1365,-4829852,6539,24698816,5543,20917661,996,3781155
2025/04/09,NQF,外資,3309,2929229,3126,2757335,183,171894,28,23847,518,437074,-490,-413227
2025/04/10,TX,外資,112967,397206739,109379,384281718,3588,12925020,23058,87138800,45708,172730236,-22650,-85591436
2025/04/10,TE,自營商,30,118845,35,134713,-5,-15868,122,494070,134,542659,-12,-48589
2025/04/10,TX,投信,0,0,20,75596,-20,-75596,38153,144233601,10848,41009776,27305,103223825
2025/04/10,TE,投信,0,0,0,0,0,0,181,732978,0,0,181,732978
2025/04/10,MTX,投信,0,0,0,0,0,0,160,151216,15,14177,145,137039
2025/04/10,MTX,自營商,17883,16044390,16522,14792976,1361,1251414,4493,4241013,11955,11272325,-7462,-7031312
2025/04/10,TE,外資,133,505072,70,262049,63,243024,367,1486203,569,2304222,-202,-818019
2025/04/10,MTX,外資,242565,213816423,225810,198692716,16755,15123707,13443,12703348,3981,3762270,9462,8941078
2025/04/10,ZMX,投信,0,0,0,0,0,0,0,0,0,0,0,0
2025/04/10,ZMX,自營商,40253,7206412,15305,2734493,24948,4471918,8601,1623715,12926,2437599,-4325,-813884
2025/04/10,NQF,自營商,335,309418,142,128047,193,181371,17,16235,54,51570,-37,-35335
2025/04/10,ZMX,外資,149021,26249241,147602,26001289,1419,247952,141,26651,2919,551714,-2778,-525063
2025/04/10,NQF,投信,0,0,0,0,0,0,18,17190,0,0,18,17190
2025/04/10,NQF,外資,2750,2436872,2512,2216359,238,220514,227,217027,479,457883,-252,-240856
2025/04/11,TX,投信,6911,26691898,1585,6160376,5326,20531522,40309,157545388,7678,30010231,32631,127535157
2025/04/11,TE,自營商,78,318780,163,665600,-85,-346820,103,434357,200,843509,-97,-409152
2025/04/11,TE,投信,2,8446,10,41760,-8,-33314,183,771821,10,42120,173,729701
2025/04/11,MTX,自營商,26272,25013321,26722,25478890,-450,-465569,4725,4606033,12420,12100940,-7695,-7494907
2025/04/11,MTX,投信,9,8676,0,0,9,8676,169,165138,15,14657,154,150481
2025/04/11,ZMX,投信,0,0,0,0,0,0,0,0,0,0,0,0
2025/04/11,TE,外資,1705,6983609,1651,6763140,54,220469,293,1235751,441,1859928,-148,-624177
2025/04/11,MTX,外資,369299,351311198,364582,346785033,4717,4526165,12794,12495262,4571,4465668,8223,8029594
2025/04/11,ZMX,外資,208939,39746083,204539,38911129,4400,834954,13,2540,2891,564629,-2878,-562089
2025/04/11,ZMX,自營商,32245,6155136,27375,5199342,4870,955794,8327,1623739,9247,1799894,-920,-176155
2025/04/11,NQF,外資,1737,1613696,2226,2072181,-489,-458485,44,41353,785,732781,-741,-691428
2025/04/11,NQF,自營商,59,54739,266,246113,-207,-191375,0,0,244,227628,-244,-227628
2025/04/14,TX,投信,21871,85596204,21569,84508106,302,1088098,41504,161760255,8571,33401245,32933,128359010
2025/04/11,NQF,投信,0,0,0,0,0,0,18,16792,0,0,18,16792
2025/04/14,TE,自營商,163,690000,233,986985,-70,-296985,129,541544,296,1242655,-167,-701111
2025/04/14,TX,外資,158101,618066909,158328,618800810,-227,-733902,22815,88875634,46698,181899308,-23883,-93023674
2025/04/14,TX,自營商,17810,69762163,17488,68583232,322,1178931,6752,26289113,7715,30024101,-963,-3734988
2025/04/14,TE,外資,1344,5710700,1297,5508838,47,201863,285,1196426,386,1620706,-101,-424280
2025/04/14,MTX,自營商,20166,19752906,21879,21415902,-1713,-1662996,2597,2522953,12529,12175972,-9932,-9653019
2025/04/14,MTX,投信,152,148243,140,136653,12,11589,183,178254,17,16555,166,161699
2025/04/14,TE,投信,77,324834,68,286379,9,38455,182,764181,0,0,182,764181
2025/04/14,ZMX,自營商,22706,4453798,26836,5232870,-4130,-779071,5431,1055522,11701,2273363,-6270,-1217841
2025/04/14,MTX,外資,243968,238015601,247927,241812873,-3959,-3797273,11540,11243026,7407,7219437,4133,4023589
2025/04/14,ZMX,投信,0,0,0,0,0,0,0,0,0,0,0,0
2025/04/14,ZMX,外資,142852,27848115,146264,28503902,-3412,-655787,8,1560,3483,678718,-3475,-677158
2025/04/14,NQF,投信,0,0,0,0,0,0,18,17175,0,0,18,17175
2025/04/14,NQF,自營商,292,275781,46,43207,246,232574,28,26716,26,24808,2,1908
2025/04/15,TX,投信,25194,99482673,24448,96622412,746,2860261,42950,169898527,9271,36674444,33679,133224083
2025/04/14,NQF,外資,1347,1265372,1003,935928,344,329444,188,179794,585,558555,-397,-378761
2025/04/15,TX,自營商,12944,50906053,13671,53758561,-727,-2852507,6706,26508255,8264,32654660,-1558,-6146405
2025/04/15,TE,投信,123,521904,115,487948,8,33956,190,808260,0,0,190,808260
2025/04/15,TE,自營商,131,554523,172,728667,-41,-174144,138,586671,343,1458396,-205,-871725
2025/04/15,TX,外資,97411,382492149,96132,377385051,1279,5107098,27727,109680698,50125,198214119,-22398,-88533421
2025/04/15,TE,外資,718,3038219,685,2898035,33,140184,339,1441431,407,1730648,-68,-289217
2025/04/15,MTX,自營商,17693,17350748,15422,15118634,2271,2232114,3290,3246974,11515,11361556,-8225,-8114582
2025/04/15,MTX,投信,38,37573,42,41551,-4,-3979,179,177016,17,16811,162,160205
2025/04/15,MTX,外資,133861,131071081,128216,125513622,5645,5557459,13458,13313347,3795,3755079,9663,9558268
2025/04/15,ZMX,自營商,27096,5315492,13148,2567339,13948,2748153,10699,2114224,2841,556687,7858,1557537
2025/04/15,ZMX,投信,0,0,0,0,0,0,0,0,0,0,0,0
2025/04/15,ZMX,外資,75003,14672739,71485,13981808,3518,690931,8,1582,3510,694502,-3502,-692920
2025/04/15,NQF,自營商,11,10424,131,124532,-120,-114107,0,0,118,111516,-118,-111516
2025/04/15,NQF,外資,1581,1510248,1731,1650024,-150,-139776,146,139478,693,656203,-547,-516725
2025/04/16,TX,自營商,15112,59159071,13946,54630408,1166,4528663,4663,18017076,3492,13472452,1171,4544624
2025/04/15,NQF,投信,0,0,0,0,0,0,18,17011,0,0,18,17011
2025/04/16,TX,外資,67741,265834782,68713,269742976,-972,-3908194,16129,62381031,44854,173497888,-28725,-111116857
2025/04/16,TE,投信,0,0,10,41680,-10,-41680,180,745272,0,0,180,745272
2025/04/16,TX,投信,4517,17545196,4801,18663940,-284,-1118744,44921,173835286,11518,44572356,33403,129262930
2025/04/16,TE,自營商,216,908926,185,778068,31,130858,42,173897,80,331232,-38,-157335
2025/04/16,TE,外資,681,2846720,730,3050179,-49,-203459,150,621060,379,1569212,-229,-948152
2025/04/16,MTX,投信,4,3891,4,3904,0,-13,179,173174,17,16447,162,156727
2025/04/16,MTX,自營商,15761,15468770,18793,18416970,-3032,-2948200,1790,1724698,5569,5353948,-3779,-3629250
2025/04/16,MTX,外資,107226,105439761,114582,112646203,-7356,-7206442,2000,1931435,7176,6942073,-5176,-5010638
2025/04/16,ZMX,投信,0,0,0,0,0,0,0,0,0,0,0,0
2025/04/16,NQF,投信,0,0,0,0,0,0,18,16706,0,0,18,16706
2025/04/16,ZMX,外資,52019,10247670,57115,11248297,-5096,-1000627,45,8707,1891,365890,-1846,-357183
2025/04/16,ZMX,自營商,13870,2724936,30507,5970938,-16637,-3246002,2239,430476,13074,2522676,-10835,-2092200
2025/04/16,NQF,自營商,13,12186,33,31016,-20,-18831,0,0,138,128078,-138,-128078
2025/04/16,NQF,外資,1070,1012791,908,859817,162,152973,188,176203,573,533371,-385,-357168
2025/04/17,TX,投信,1213,4696232,61,235014,1152,4461219,46079,178482399,11524,44637062,34555,133845337
2025/04/17,TX,自營商,7740,29825947,7914,30506027,-174,-680080,4595,17769370,3586,13847190,1009,3922180
2025/04/17,TX,外資,79173,305259630,80259,309468248,-1086,-4208618,15129,58563043,44999,174217815,-29870,-115654772
2025/04/17,TE,投信,0,0,11,45571,-11,-45571,169,702094,0,0,169,702094
2025/04/17,MTX,外資,148152,142782189,145557,140274526,2595,2507663,3662,3541526,6361,6159043,-2699,-2617517
2025/04/17,TE,自營商,76,313502,71,293580,5,19921,65,270007,97,402977,-32,-132970
2025/04/17,MTX,投信,4,3844,2,1937,2,1907,183,177208,19,18399,164,158809
2025/04/17,TE,外資,474,1955661,457,1883824,17,71837,180,747792,392,1628525,-212,-880733
2025/04/17,MTX,自營商,10970,10567066,10596,10198823,374,368243,2483,2397504,5937,5712968,-3454,-3315464
2025/04/17,ZMX,自營商,20242,3905294,14879,2859981,5363,1045312,3714,716610,9181,1770831,-5467,-1054221
2025/04/17,NQF,自營商,112,103444,103,94962,9,8482,0,0,129,119802,-129,-119802
2025/04/17,ZMX,投信,0,0,0,0,0,0,0,0,0,0,0,0
2025/04/17,NQF,投信,0,0,0,0,0,0,18,16717,0,0,18,16717
2025/04/17,ZMX,外資,82883,15975297,84611,16305050,-1728,-329753,21,4062,1825,353443,-1804,-349381
2025/04/18,TX,外資,61305,237833716,60459,234481807,846,3351909,16261,62840005,45323,175172945,-29062,-112332940
2025/04/17,NQF,外資,1351,1253842,1470,1361873,-119,-108032,290,271284,794,739237,-504,-467953
2025/04/18,TX,投信,154,595301,153,591338,1,3963,46229,178758297,11673,45137156,34556,133621141
2025/04/18,TE,自營商,48,199967,63,262046,-15,-62079,73,302521,120,497328,-47,-194807
2025/04/18,TX,自營商,5873,22771935,5868,22775021,5,-3087,4484,17308699,3475,13392906,1009,3915793
2025/04/18,TE,投信,0,0,1,4144,-1,-4144,168,696259,0,0,168,696259
2025/04/18,TE,外資,653,2717566,617,2568399,36,149167,119,493184,295,1222598,-176,-729414
2025/04/18,MTX,外資,110551,107204452,112783,109356635,-2232,-2152184,2809,2710637,7861,7598232,-5052,-4887595
2025/04/18,MTX,投信,0,0,4,3875,-4,-3875,179,173039,19,18367,160,154672
2025/04/18,MTX,自營商,8551,8300429,8165,7912197,386,388233,2072,1996088,5120,4913166,-3048,-2917078
2025/04/18,ZMX,投信,0,0,0,0,0,0,0,0,0,0,0,0
2025/04/18,ZMX,自營商,14323,2783131,15342,2970976,-1019,-187844,3348,644713,9834,1894007,-6486,-1249294
2025/04/18,NQF,自營商,50,46487,56,51537,-6,-5050,0,0,135,124565,-135,-124565
2025/04/18,ZMX,外資,69037,13389890,70295,13631179,-1258,-241290,51,9841,1748,337945,-1697,-328104
2025/04/21,TX,自營商,4199,16077657,4623,17707306,-424,-1629650,4583,17475606,4009,15270282,574,2205324
2025/04/18,NQF,外資,847,782761,923,852777,-76,-70016,277,257841,857,792852,-580,-535011
2025/04/21,TX,外資,33902,129829234,31353,120071635,2549,9757599,18650,71201495,45220,172648621,-26570,-101447126
2025/04/21,TE,自營商,20,81909,46,188590,-26,-106680,63,257635,136,556240,-73,-298605
2025/04/21,TX,投信,126,481026,816,3113747,-690,-2632721,45876,175237145,12010,45875798,33866,129361347
2025/04/21,TE,投信,0,0,0,0,0,0,168,687120,0,0,168,687120
2025/04/21,MTX,自營商,5547,5317982,5292,5069359,255,248623,2096,1994691,4844,4588683,-2748,-2593992
2025/04/21,TE,外資,406,1663142,379,1552509,27,110633,106,433540,255,1042950,-149,-609410
2025/04/21,MTX,投信,0,0,4,3833,-4,-3833,175,167116,19,18144,156,148972
2025/04/21,MTX,外資,58817,56319691,59307,56780659,-490,-460968,3457,3296659,8953,8548446,-5496,-5251787
2025/04/21,ZMX,自營商,5849,1119889,11637,2225605,-5788,-1105716,3064,582766,15343,2922306,-12279,-2339540
2025/04/21,NQF,投信,0,0,0,0,0,0,18,16435,0,0,18,16435
2025/04/21,ZMX,投信,0,0,0,0,0,0,0,0,0,0,0,0
2025/04/21,NQF,自營商,26,23748,8,7308,18,16441,0,0,117,106827,-117,-106827
2025/04/22,TX,自營商,7245,27377758,6627,25063868,618,2313890,5090,19107890,3816,14305389,1274,4802501
2025/04/21,NQF,外資,130,118721,105,95922,25,22798,268,246715,823,753319,-555,-506604
2025/04/21,ZMX,外資,27768,5321156,28784,5512190,-1016,-191034,12,2292,1815,346621,-1803,-344329
2025/04/22,TX,投信,684,2576699,4331,16294217,-3647,-13717518,41910,157606746,11691,43965175,30219,113641571
2025/04/22,TE,自營商,53,213736,42,170001,11,43734,78,313275,140,562352,-62,-249077
2025/04/22,TX,外資,58570,221484070,58004,219406843,566,2077227,20010,75209373,47141,177187768,-27131,-101978395
2025/04/22,TE,投信,0,0,0,0,0,0,168,674822,0,0,168,674822
2025/04/22,MTX,自營商,7656,7233463,9081,8572434,-1425,-1338971,2160,2022870,6510,6080372,-4350,-4057502
2025/04/22,TE,外資,511,2061384,566,2282826,-55,-221442,130,522184,334,1341611,-204,-819427
2025/04/22,MTX,投信,2,1881,0,0,2,1881,177,166407,19,17863,158,148544
2025/04/22,ZMX,自營商,11880,2248499,15733,2967970,-3853,-719471,2160,403627,19047,3572549,-16887,-3168922
2025/04/22,ZMX,投信,0,0,0,0,0,0,0,0,0,0,0,0
2025/04/22,NQF,自營商,45,40576,87,78425,-42,-37849,0,0,159,143227,-159,-143227
2025/04/22,MTX,外資,104830,99152891,107638,101803997,-2808,-2651106,3589,3369205,7545,7091793,-3956,-3722588
2025/04/22,ZMX,外資,55323,10467610,56115,10615755,-792,-148145,13,2431,1808,339928,-1795,-337497
2025/04/18,NQF,投信,0,0,0,0,0,0,18,16609,0,0,18,16609
2025/04/23,TX,投信,3004,11750108,107,418002,2897,11332106,43496,170138954,10380,40602408,33116,129536546
2025/04/22,NQF,投信,0,0,0,0,0,0,18,16214,0,0,18,16214
2025/04/23,TX,自營商,9013,34772727,9801,37814509,-788,-3041781,5169,20178015,4618,18015827,551,2162188
2025/04/22,NQF,外資,839,755135,719,647571,120,107564,345,313423,780,705141,-435,-391718
2025/04/23,TE,自營商,23,95865,76,316915,-53,-221050,58,244661,165,696234,-107,-451573
2025/04/23,TX,外資,66333,254953937,67051,257900456,-718,-2946519,21290,83232340,49035,191696784,-27745,-108464444
2025/04/23,TE,外資,571,2380473,473,1970578,98,409894,123,519011,229,966288,-106,-447277
2025/04/23,MTX,投信,0,0,0,0,0,0,177,173088,19,18580,158,154508
2025/04/23,MTX,自營商,15193,14632459,10391,10007892,4802,4624568,5280,5150829,4827,4678242,453,472587
2025/04/23,ZMX,自營商,34168,6574120,8953,1720214,25215,4853906,9213,1798301,2170,418169,7043,1380132
2025/04/23,MTX,外資,113643,109078660,106491,102204922,7152,6873737,8176,7987613,4796,4689339,3380,3298274
2025/04/23,ZMX,投信,0,0,0,0,0,0,0,0,0,0,0,0
2025/04/23,TE,投信,3,12599,10,41960,-7,-29361,171,721552,10,42196,161,679356
2025/04/23,ZMX,外資,58240,11153022,55156,10565057,3084,587965,134,26036,1845,360845,-1711,-334809
2025/04/23,NQF,外資,1008,923706,893,818154,115,105552,345,326391,665,626116,-320,-299725
2025/04/23,NQF,投信,0,0,16,14981,-16,-14981,2,1875,0,0,2,1875
2025/04/23,NQF,自營商,49,45291,7,6527,42,38764,10,9374,127,119043,-117,-109669
2025/04/24,TX,投信,835,3254340,678,2639226,157,615114,43225,168231700,9952,38733184,33273,129498516
2025/04/24,TX,外資,70216,275323389,69752,273480909,464,1842480,18921,73597799,46279,180014354,-27358,-106416555
2025/04/24,TX,自營商,6502,25447778,6330,24785480,172,662298,4998,19415050,4306,16714657,692,2700393
2025/04/24,TE,外資,605,2546526,651,2739858,-46,-193333,133,556844,285,1193238,-152,-636394
2025/04/24,TE,投信,0,0,0,0,0,0,171,715943,10,41868,161,674075
2025/04/24,TE,自營商,60,252904,40,168597,20,84307,75,313986,162,678262,-87,-364276
2025/04/24,MTX,自營商,8037,7871161,8773,8575393,-736,-704232,5112,4965056,5271,5090649,-159,-125593
2025/04/24,MTX,投信,4,3920,8,7789,-4,-3869,173,168329,19,18487,154,149842
2025/04/24,MTX,外資,120090,117753555,122992,120582841,-2902,-2829286,6265,6089882,5993,5830162,272,259720
2025/04/24,ZMX,外資,66292,13004511,68661,13465189,-2369,-460678,28,5427,1538,299295,-1510,-293868
2025/04/24,NQF,自營商,35,33294,26,24519,9,8775,10,9390,118,110802,-108,-101412
2025/04/24,ZMX,自營商,10723,2101572,19124,3738912,-8401,-1637339,3603,698253,4961,959016,-1358,-260763
2025/04/25,TX,自營商,6007,23811592,6851,27134766,-844,-3323174,4995,19812056,5129,20338507,-134,-526451
2025/04/24,NQF,投信,0,0,0,0,0,0,2,1878,0,0,2,1878
2025/04/24,NQF,外資,1283,1214987,1160,1097661,123,117325,367,347732,564,532327,-197,-184595
2025/04/24,ZMX,投信,0,0,0,0,0,0,0,0,0,0,0,0
2025/04/25,TE,自營商,47,201304,47,201543,0,-239,86,370592,173,745578,-87,-374986
2025/04/25,TE,投信,4,17233,0,0,4,17233,175,754215,10,43098,165,711117
2025/04/25,TX,外資,64632,255758407,63235,250258952,1397,5499455,20681,82154352,44379,176280975,-23698,-94126623
2025/04/25,TX,投信,1807,7188442,936,3721007,871,3467435,42775,170013515,8631,34304773,34144,135708742
2025/04/25,MTX,自營商,9865,9751883,9490,9386999,375,364885,5821,5772983,5660,5587108,161,185875
2025/04/25,TE,外資,697,2994319,657,2822606,40,171713,118,508556,230,991254,-112,-482698
2025/04/25,MTX,投信,0,0,0,0,0,0,173,171901,19,18879,154,153022
2025/04/25,MTX,外資,117789,116421973,110171,108920753,7618,7501221,4396,4360906,4929,4897069,-533,-536163
2025/04/25,ZMX,投信,0,0,0,0,0,0,0,0,0,0,0,0
2025/04/25,ZMX,自營商,20249,3990896,7124,1404669,13125,2586227,13168,2613049,1486,291092,11682,2321957
2025/04/25,NQF,自營商,71,67053,60,56913,11,10140,21,20395,118,114602,-97,-94207
2025/04/25,ZMX,外資,63983,12632730,61011,12049413,2972,583318,109,21523,1792,356114,-1683,-334591
2025/04/25,NQF,投信,0,0,0,0,0,0,2,1942,0,0,2,1942
2025/04/25,NQF,外資,1187,1133108,944,898572,243,234535,487,476522,441,431266,46,45256
2025/04/28,TX,投信,488,1950386,626,2500170,-138,-549784,42526,169806318,8520,34020360,34006,135785958
2025/04/28,TX,自營商,4946,19730971,4557,18178140,389,1552831,5153,20533579,4890,19479610,263,1053969
2025/04/28,TX,外資,51909,206856448,52981,211161177,-1072,-4304728,19042,75989564,43812,174832838,-24770,-98843274
2025/04/28,TE,自營商,39,168782,40,173128,-1,-4346,96,415845,184,797074,-88,-381229
2025/04/28,TE,投信,0,0,0,0,0,0,175,758100,10,43320,165,714780
2025/04/28,MTX,自營商,5669,5646693,6601,6574508,-932,-927815,5384,5363941,6178,6130298,-794,-766357
2025/04/28,TE,外資,530,2293206,506,2188540,24,104666,110,476520,198,857736,-88,-381216
2025/04/28,MTX,投信,1,998,0,0,1,998,173,172697,18,17969,155,154728
2025/04/28,MTX,外資,102784,102356452,104013,103589984,-1229,-1233533,3517,3503566,5279,5269196,-1762,-1765630
2025/04/28,ZMX,自營商,7666,1524583,10692,2122896,-3026,-598313,10164,2025775,1553,305925,8611,1719850
2025/04/28,ZMX,外資,58119,11570352,58406,11626115,-287,-55763,80,15916,2050,409186,-1970,-393270
2025/04/28,ZMX,投信,0,0,0,0,0,0,0,0,0,0,0,0
2025/04/29,TX,自營商,5831,23395971,5566,22323819,265,1072152,5481,22049939,4952,19914604,529,2135335
2025/04/28,NQF,外資,971,941572,1041,1008623,-70,-67051,450,440809,474,463224,-24,-22415
2025/04/29,TX,投信,533,2148274,103,414068,430,1734206,42764,172381684,8328,33570014,34436,138811670
2025/04/28,NQF,自營商,25,24295,80,77749,-55,-53454,25,24283,177,171920,-152,-147637
2025/04/28,NQF,投信,0,0,0,0,0,0,2,1943,0,0,2,1943
2025/04/29,TX,外資,49437,198147086,50033,200533215,-596,-2386129,19183,77280368,44549,179468356,-25366,-102187988
2025/04/29,TE,投信,0,0,1,4360,-1,-4360,174,759162,10,43630,164,715532
2025/04/29,TE,外資,502,2183579,519,2257194,-17,-73615,134,584642,239,1042757,-105,-458115
2025/04/29,MTX,自營商,7311,7318047,7325,7333247,-14,-15200,5342,5370610,6153,6164661,-811,-794051
2025/04/29,TE,自營商,78,339227,78,339465,0,-237,98,427498,186,811472,-88,-383974
2025/04/29,MTX,投信,0,0,0,0,0,0,173,174341,18,18140,155,156201
2025/04/29,ZMX,投信,0,0,0,0,0,0,0,0,0,0,0,0
2025/04/29,ZMX,自營商,13390,2680221,11378,2269975,2012,410246,12271,2468817,1653,329409,10618,2139408
2025/04/29,NQF,自營商,19,18601,17,16655,2,1946,26,25442,176,172225,-150,-146783
2025/04/29,MTX,外資,87650,87763554,86765,86871929,885,891625,6127,6167277,7004,7057634,-877,-890357
2025/04/29,ZMX,外資,46649,9334963,45789,9160904,860,174059,520,104668,1630,328387,-1110,-223719
2025/04/30,TX,自營商,6278,25295652,7142,28779700,-864,-3484048,4941,19872136,5224,21009195,-283,-1137059
2025/04/29,NQF,外資,749,730348,898,875225,-149,-144877,421,415305,594,583725,-173,-168420
2025/04/29,NQF,投信,0,0,0,0,0,0,2,1957,0,0,2,1957
2025/04/30,TX,外資,49837,200826849,47287,190554329,2550,10272521,18881,76058189,41611,167615118,-22730,-91556929
2025/04/30,TE,自營商,53,230566,35,152357,18,78209,113,492040,186,810060,-73,-318020
2025/04/30,TX,投信,237,954949,307,1237446,-70,-282498,42969,173199445,8603,34676814,34366,138522631
2025/04/30,MTX,自營商,9449,9517596,8284,8335668,1165,1181928,5471,5499783,5158,5159560,313,340223
2025/04/30,TE,外資,661,2874556,678,2948656,-17,-74100,160,696896,282,1228279,-122,-531383
2025/04/30,MTX,投信,33,33256,0,0,33,33256,206,207586,18,18139,188,189447
2025/04/30,ZMX,外資,43989,8860578,42895,8639601,1094,220977,528,106012,1539,310089,-1011,-204077
2025/04/30,MTX,外資,83958,84575920,81310,81902340,2648,2673580,6491,6533606,4865,4901722,1626,1631884
2025/04/30,TE,投信,4,17423,0,0,4,17423,178,775297,10,43556,168,731741
2025/04/30,NQF,自營商,15,14672,5,4887,10,9785,31,30299,171,167135,-140,-136836
2025/04/30,ZMX,自營商,12484,2515577,12491,2510588,-7,4989,11295,2272456,1504,299086,9791,1973370
2025/04/30,ZMX,投信,0,0,0,0,0,0,0,0,0,0,0,0
2025/04/30,NQF,投信,0,0,0,0,0,0,2,1955,0,0,2,1955
2025/04/30,NQF,外資,871,852001,807,788878,64,63123,463,456119,572,561854,-109,-105735
2025/05/02,TX,投信,1144,4732978,154,635386,990,4097592,43453,179738989,8097,33492233,35356,146246756
2025/05/02,TX,自營商,5643,23054982,6965,28472181,-1322,-5417199,4977,20531753,6582,27167585,-1605,-6635832
2025/05/02,TE,外資,569,2526159,556,2464297,13,61863,163,732457,286,1285170,-123,-552713
2025/05/02,TX,外資,65387,265866366,65720,267258706,-333,-1392341,20118,83162014,43031,177869167,-22913,-94707153
2025/05/02,MTX,外資,115963,117691205,111889,113513856,4074,4177349,9770,10093610,3576,3697867,6194,6395743
2025/05/02,TE,自營商,67,294390,44,195161,23,99229,128,575018,178,799779,-50,-224761
2025/05/02,ZMX,投信,0,0,0,0,0,0,0,0,0,0,0,0
2025/05/02,MTX,自營商,11142,11354056,9942,10109042,1200,1245013,6957,7171396,5444,5587764,1513,1583632
2025/05/02,MTX,投信,4,4103,20,20677,-16,-16575,190,196479,18,18614,172,177865
2025/05/02,ZMX,自營商,21992,4480411,13101,2642367,8891,1838044,20727,4278049,2045,418930,18682,3859119
2025/05/02,ZMX,外資,67218,13611804,60817,12309478,6401,1302326,494,101693,574,118638,-80,-16945
2025/05/02,TE,投信,0,0,0,0,0,0,178,799861,10,44936,168,754925
2025/05/02,NQF,外資,1200,1170724,1125,1095488,75,75236,571,573592,605,606781,-34,-33189
2025/05/02,NQF,自營商,92,90585,31,30222,61,60363,35,34946,114,113823,-79,-78877
2025/05/05,TX,自營商,11156,45718331,9877,40524464,1279,5193867,5599,22802620,5938,24194185,-339,-1391565
2025/05/02,NQF,投信,0,0,0,0,0,0,2,1997,0,0,2,1997
2025/05/05,TX,投信,1641,6710160,1162,4741632,479,1968528,44767,182855288,8932,36483419,35835,146371869
2025/05/05,TX,外資,74275,305510359,77474,318606710,-3199,-13096350,17950,73260981,44109,180017517,-26159,-106756536
2025/05/05,TE,外資,857,3805740,874,3878965,-17,-73225,204,901558,344,1520274,-140,-618716
2025/05/05,TE,投信,10,43933,2,8861,8,35073,176,777814,0,0,176,777814
2025/05/05,TE,自營商,102,452836,119,529111,-17,-76274,129,569929,196,866098,-67,-296169
2025/05/05,MTX,外資,125071,128695130,135320,139215038,-10249,-10519909,5257,5359178,9536,9736820,-4279,-4377642
2025/05/05,MTX,投信,0,0,1,1022,-1,-1022,190,194019,19,19402,171,174617
2025/05/05,ZMX,自營商,9840,2016842,31765,6509940,-21925,-4493098,12933,2636451,14741,3004706,-1808,-368255
2025/05/05,MTX,自營商,12832,13164677,14193,14557255,-1361,-1392578,6215,6326687,6298,6380643,-83,-53956
2025/05/05,ZMX,外資,69776,14370818,71671,14764487,-1895,-393669,602,122269,517,105456,85,16813
2025/05/05,NQF,投信,0,0,0,0,0,0,2,2006,0,0,2,2006
2025/05/05,NQF,自營商,37,37102,65,65230,-28,-28128,30,30086,137,137390,-107,-107304
2025/05/05,ZMX,投信,0,0,0,0,0,0,0,0,0,0,0,0
2025/05/06,TX,自營商,8777,35685666,7539,30645661,1238,5040005,6549,26560996,5607,22746292,942,3814704
2025/05/06,TX,投信,1386,5642257,832,3386617,554,2255639,45993,187145517,9604,39078259,36389,148067258
2025/05/06,TE,投信,10,44034,0,0,10,44034,186,816912,0,0,186,816912
2025/05/05,NQF,外資,1321,1326895,961,964968,360,361927,993,1001546,667,673338,326,328208
2025/05/06,TX,外資,62315,253392940,65502,266371348,-3187,-12978408,18527,75319728,49684,201979887,-31157,-126660159
2025/05/06,TE,自營商,85,374087,110,482714,-25,-108627,118,517918,210,922151,-92,-404233
2025/05/06,TE,外資,430,1889358,426,1872508,4,16850,200,878400,336,1475712,-136,-597312
2025/05/06,MTX,投信,0,0,17,17301,-17,-17301,175,178019,21,21362,154,156657
2025/05/06,MTX,自營商,10484,10643518,11841,12012580,-1357,-1369062,4756,4818178,6540,6594569,-1784,-1776391
2025/05/06,ZMX,自營商,12800,2598185,13901,2813777,-1101,-215593,14202,2884257,16251,3297770,-2049,-413513
2025/05/06,ZMX,投信,0,0,0,0,0,0,0,0,0,0,0,0
2025/05/06,ZMX,外資,57943,11770037,58122,11806719,-179,-36682,988,199520,167,33976,821,165544
2025/05/06,NQF,投信,0,0,0,0,0,0,2,1997,0,0,2,1997
2025/05/06,NQF,外資,1105,1109647,962,966008,143,143639,1107,1110924,638,641378,469,469546
2025/05/07,TX,外資,65157,265062126,64643,263037623,514,2024503,19556,79630943,50199,204387125,-30643,-124756182
2025/05/06,NQF,自營商,6,6018,88,88210,-82,-82192,20,19970,209,208687,-189,-188717
2025/05/07,TX,自營商,8532,34738871,8586,34960541,-54,-221670,6160,25013475,5266,21390936,894,3622539
2025/05/06,MTX,外資,107805,109557264,108189,109948033,-384,-390768,6880,6987092,4482,4558167,2398,2428925
2025/05/07,TX,投信,1201,4897798,1177,4794451,24,103348,47116,192016546,10703,43618296,36413,148398250
2025/05/07,TE,自營商,112,491978,88,385978,24,105999,127,558792,195,858338,-68,-299546
2025/05/07,TE,外資,408,1793076,444,1951461,-36,-158385,189,832091,361,1589339,-172,-757248
2025/05/07,TE,投信,0,0,2,8782,-2,-8782,184,810078,0,0,184,810078
2025/05/07,MTX,自營商,11473,11668913,10532,10704584,941,964329,5724,5806052,6348,6405875,-624,-599823
2025/05/07,MTX,外資,118188,120160441,117843,119812236,345,348205,7847,7982854,5104,5199478,2743,2783376
2025/05/07,MTX,投信,0,0,1,1021,-1,-1021,174,177280,21,21396,153,155884
2025/05/07,ZMX,自營商,15842,3219695,13587,2751957,2255,467738,12825,2608138,13504,2742993,-679,-134855
2025/05/07,NQF,自營商,39,38957,11,11005,28,27952,20,19991,181,180919,-161,-160928
2025/05/07,ZMX,投信,0,0,0,0,0,0,0,0,0,0,0,0
2025/05/07,ZMX,外資,65495,13308327,64624,13128498,871,179829,1713,347859,21,4257,1692,343602
2025/05/07,NQF,外資,399,397453,493,490424,-94,-92971,978,982816,603,606797,375,376019
2025/05/07,NQF,投信,0,0,0,0,0,0,2,1999,0,0,2,1999
2025/05/08,TX,投信,1309,5387999,29,119175,1280,5268824,48222,198462161,10529,43332246,37693,155129915
2025/05/08,TX,自營商,6931,28444664,7844,32205768,-913,-3761104,6370,26115997,6398,26256059,-28,-140062
2025/05/08,TE,自營商,104,462615,98,435489,6,27126,133,592290,195,868997,-62,-276707
2025/05/08,TE,投信,0,0,5,22333,-5,-22333,179,797910,0,0,179,797910
2025/05/08,TE,外資,532,2368730,509,2267011,23,101719,197,878147,346,1542330,-149,-664183
2025/05/08,TX,外資,65519,268552519,64978,266329865,541,2222655,21531,88542523,51551,211957835,-30020,-123415312
2025/05/08,MTX,自營商,11930,12215278,10322,10568561,1608,1646716,7720,7910753,6736,6868819,984,1041934
2025/05/08,MTX,投信,0,0,0,0,0,0,174,179029,21,21607,153,157422
2025/05/08,NQF,自營商,57,57060,28,27983,29,29077,35,35292,167,168394,-132,-133102
2025/05/08,ZMX,投信,0,0,0,0,0,0,0,0,0,0,0,0
2025/05/08,ZMX,外資,66534,13617437,64700,13238049,1834,379388,986,201687,0,0,986,201687
2025/05/08,ZMX,自營商,20761,4253487,13853,2828536,6908,1424951,18122,3720235,11713,2402517,6409,1317718
2025/05/08,MTX,外資,122218,125164651,119456,122320395,2762,2844256,9896,10169447,4211,4330939,5685,5838508
2025/05/08,NQF,外資,638,636428,680,677591,-42,-41163,1055,1068822,722,731944,333,336878
2025/05/08,NQF,投信,0,0,0,0,0,0,2,2017,0,0,2,2017
2025/05/09,TX,自營商,6652,27512457,7574,31388848,-922,-3876391,6757,28058947,7725,32130483,-968,-4071536
2025/05/09,TX,投信,1489,6197558,10,41683,1479,6155874,49093,204668427,9921,41359779,39172,163308648
2025/05/09,TE,自營商,81,364472,81,363576,0,896,146,661080,208,942296,-62,-281216
2025/05/09,TX,外資,59249,245230981,62568,258914057,-3319,-13683076,20668,86096228,53939,224658683,-33271,-138562455
2025/05/09,TE,投信,0,0,10,45320,-10,-45320,169,765807,0,0,169,765807
2025/05/09,MTX,外資,106834,110491162,106893,110510449,-59,-19287,10239,10662023,4492,4679866,5747,5982157
2025/05/09,TE,外資,467,2102872,441,1985343,26,117529,225,1019565,348,1576927,-123,-557362
2025/05/09,ZMX,自營商,18187,3762082,14200,2926130,3987,835952,21589,4489977,10193,2119189,11396,2370788
2025/05/09,MTX,投信,0,0,0,0,0,0,174,181352,21,21887,153,159465
2025/05/09,MTX,自營商,11881,12276727,10769,11131025,1112,1145702,9336,9693480,7368,7620158,1968,2073322
2025/05/09,ZMX,投信,0,0,0,0,0,0,0,0,0,0,0,0
2025/05/09,NQF,投信,0,0,0,0,0,0,2,2021,0,0,2,2021
2025/05/09,ZMX,外資,61066,12623467,58844,12157537,2222,465929,1243,257925,0,0,1243,257925
2025/05/12,TX,投信,1996,8408102,319,1343499,1677,7064603,50802,214109349,9953,41947002,40849,172162347
2025/05/09,NQF,自營商,44,44423,46,46363,-2,-1940,30,30312,164,165706,-134,-135394
2025/05/12,TX,自營商,6119,25665325,6203,26058906,-84,-393581,6867,28808191,7947,33412702,-1080,-4604511
2025/05/09,NQF,外資,561,566958,620,625922,-59,-58964,1047,1062933,773,784989,274,277944
2025/05/12,TX,外資,46068,193032557,49471,207354163,-3403,-14321607,20937,88164083,57684,242851806,-36747,-154687723
2025/05/12,TE,外資,344,1570330,354,1617516,-10,-47186,213,976009,346,1585441,-133,-609432
2025/05/12,TE,自營商,43,196662,72,327064,-29,-130401,116,531031,207,948280,-91,-417249
2025/05/12,TE,投信,1,4599,0,0,1,4599,170,778974,0,0,170,778974
2025/05/12,MTX,投信,1,1054,13,13692,-12,-12639,161,169638,20,21073,141,148565
2025/05/12,MTX,自營商,8569,8973451,9007,9430874,-438,-457423,9008,9453951,7760,8112584,1248,1341367
2025/05/12,MTX,外資,80421,84188710,84772,88731268,-4351,-4542558,9131,9609453,7821,8238332,1310,1371121
2025/05/12,ZMX,自營商,10052,2104966,14421,3010448,-4369,-905482,21432,4505848,12435,2614780,8997,1891068
2025/05/12,ZMX,外資,43918,9184350,45667,9545688,-1749,-361339,1394,292352,10,2107,1384,290245
2025/05/12,ZMX,投信,0,0,0,0,0,0,0,0,0,0,0,0
2025/05/12,NQF,投信,0,0,0,0,0,0,2,2056,0,0,2,2056
2025/05/12,NQF,自營商,19,19466,13,13103,6,6363,30,30837,158,162408,-128,-131571
2025/05/13,TX,自營商,8121,34711256,9964,42576850,-1843,-7865594,6164,26197076,9116,38848602,-2952,-12651526
2025/05/12,NQF,外資,371,376437,366,370549,5,5888,1126,1161529,847,873842,279,287687
2025/05/13,TX,投信,1444,6166302,50,213453,1394,5952849,51991,222051825,9748,41633398,42243,180418427
2025/05/13,TE,自營商,104,485989,112,522790,-8,-36802,87,405125,187,871073,-100,-465948
2025/05/13,TE,外資,479,2238573,449,2098174,30,140399,197,917862,300,1397760,-103,-479898
2025/05/13,TX,外資,60508,258747030,60265,257712822,243,1034209,19749,84266526,56262,240020758,-36513,-155754232
2025/05/13,MTX,外資,103128,110210032,100748,107670704,2380,2539327,8702,9278683,4909,5239407,3793,4039276
2025/05/13,MTX,自營商,13510,14407335,12279,13093248,1231,1314087,9278,9867911,6749,7139963,2529,2727948
2025/05/13,MTX,投信,3,3203,15,16014,-12,-12811,146,155892,17,18152,129,137740
2025/05/13,TE,投信,10,46480,0,0,10,46480,180,838374,0,0,180,838374
2025/05/13,ZMX,投信,0,0,0,0,0,0,0,0,0,0,0,0
2025/05/13,ZMX,自營商,14017,2982827,13088,2785825,929,197002,20981,4469204,10725,2284711,10256,2184493
2025/05/13,ZMX,外資,59697,12750784,59305,12667759,392,83025,1447,307057,6,1281,1441,305776
2025/05/13,NQF,自營商,59,61522,77,80173,-18,-18651,10,10436,156,162794,-146,-152358
2025/05/13,NQF,外資,655,683907,611,637222,44,46684,1070,1121795,747,783336,323,338459
2025/05/13,NQF,投信,0,0,0,0,0,0,2,2087,0,0,2,2087
2025/05/14,TX,投信,1130,4911290,185,800591,945,4110699,52736,229627809,9548,41573636,43188,188054173
2025/05/14,TX,自營商,9889,42800647,10625,45914073,-736,-3113426,5423,23503573,9123,39642593,-3700,-16139020
2025/05/14,TE,自營商,145,686644,136,643162,9,43482,97,462404,178,848053,-81,-385649
2025/05/14,TE,投信,15,70800,0,0,15,70800,195,929249,0,0,195,929249
2025/05/14,MTX,投信,3,3264,0,0,3,3264,146,158936,14,15240,132,143696
2025/05/14,TX,外資,52767,228027381,52756,228008471,11,18910,20967,91207122,57250,248998805,-36283,-157791683
2025/05/14,TE,外資,349,1651458,375,1775517,-26,-124059,154,734189,283,1349684,-129,-615495
2025/05/14,MTX,外資,87664,94638474,82370,88961442,5294,5677032,13436,14606263,4327,4709364,9109,9896899
2025/05/14,MTX,自營商,13798,14888214,13155,14198532,643,689681,9428,10223955,5968,6435126,3460,3788829
2025/05/14,ZMX,自營商,17295,3720023,8699,1871150,8596,1848874,23130,5020229,5203,1128806,17927,3891423
2025/05/14,ZMX,投信,0,0,0,0,0,0,0,0,0,0,0,0
2025/05/14,NQF,自營商,67,70891,62,65770,5,5121,40,42688,181,193163,-141,-150475
2025/05/14,NQF,投信,0,0,0,0,0,0,2,2146,0,0,2,2146
2025/05/15,TX,自營商,5335,23199735,4945,21490318,390,1709417,4779,20644226,8106,35089552,-3327,-14445326
2025/05/14,NQF,外資,686,725751,447,474066,239,251685,1079,1156423,517,555340,562,601083
2025/05/15,TX,投信,840,3633857,972,4221229,-132,-587371,52652,228435743,9596,41635109,43056,186800634
2025/05/15,TE,投信,0,0,0,0,0,0,195,924294,0,0,195,924294
2025/05/14,ZMX,外資,41791,9023185,40503,8747022,1288,276163,2340,502727,132,27731,2208,474996
2025/05/15,TE,自營商,82,390823,84,400184,-2,-9361,97,459837,180,853022,-83,-393185
2025/05/15,TX,外資,44352,193127178,45218,196898331,-866,-3771154,20419,88501311,57627,249751343,-37208,-161250032
2025/05/15,MTX,自營商,6561,7122212,6378,6914059,183,208152,9293,10044977,5656,6070297,3637,3974680
2025/05/15,TE,外資,323,1538081,340,1619130,-17,-81049,172,815502,318,1508020,-146,-692518
2025/05/15,MTX,投信,81,87387,80,86836,1,551,148,160021,15,16271,133,143750
2025/05/15,MTX,外資,72353,78765734,73847,80392659,-1494,-1626925,11741,12718049,4246,4604984,7495,8113065
2025/05/15,ZMX,外資,43931,9564433,45590,9925830,-1659,-361397,1942,419645,0,0,1942,419645
2025/05/15,ZMX,自營商,7155,1549518,11149,2415907,-3994,-866389,21427,4634517,7124,1540119,14303,3094398
2025/05/15,ZMX,投信,0,0,0,0,0,0,0,0,0,0,0,0
2025/05/15,NQF,自營商,90,96072,76,81063,14,15009,25,26673,152,162169,-127,-135496
2025/05/15,NQF,外資,351,374747,354,377815,-3,-3068,1055,1131035,496,533126,559,597909
2025/05/15,NQF,投信,0,0,0,0,0,0,2,2134,0,0,2,2134
2025/05/16,TE,自營商,133,632510,117,555002,16,77509,112,532922,179,850631,-67,-317709
2025/05/16,TX,自營商,6446,28041192,6288,27357105,158,684087,4644,20173616,7808,33987119,-3164,-13813503
2025/05/16,TX,投信,4724,20493332,4730,20637511,-6,-144179,52834,230464222,9784,42700122,43050,187764100
2025/05/16,TX,外資,50540,219863769,50548,219812366,-8,51404,20970,91367562,58177,253474781,-37207,-162107219
2025/05/16,MTX,自營商,7166,7773147,6680,7250671,486,522477,10448,11359912,6410,6931343,4038,4428569
2025/05/16,TE,投信,41,194044,41,194923,0,-879,195,926674,0,0,195,926674
2025/05/16,TE,外資,333,1582612,334,1587793,-1,-5181,171,813447,318,1513153,-147,-699706
2025/05/16,MTX,外資,70601,76741440,71011,77186708,-410,-445268,10465,11400041,3128,3412533,7337,7987508
2025/05/16,MTX,投信,15,16368,18,19525,-3,-3157,148,160992,18,19530,130,141462
2025/05/16,ZMX,自營商,9238,2003289,7856,1699986,1382,303304,22946,4991953,6936,1507908,16010,3484045
2025/05/16,ZMX,投信,0,0,0,0,0,0,0,0,0,0,0,0
2025/05/16,ZMX,外資,39764,8639087,38511,8365221,1253,273866,1755,381291,0,0,1755,381291
2025/05/16,NQF,自營商,41,43859,58,61726,-17,-17867,0,0,144,154015,-144,-154015
2025/05/16,NQF,外資,459,490139,360,384299,99,105840,1109,1191712,451,486407,658,705305
2025/05/19,TX,自營商,10776,46588988,10401,44922765,375,1666223,4797,20571757,7617,32707741,-2820,-12135984
2025/05/19,TX,投信,30006,129059769,30597,132021728,-591,-2961959,52569,225823923,10110,43446351,42459,182377572
2025/05/16,NQF,投信,0,0,0,0,0,0,2,2139,0,0,2,2139
2025/05/19,TE,自營商,115,540298,131,616213,-16,-75915,100,467808,183,854820,-83,-387012
2025/05/19,TE,外資,652,3065120,678,3184723,-26,-119604,177,826860,350,1634533,-173,-807673
2025/05/19,TE,投信,89,416038,89,417644,0,-1606,195,909839,0,0,195,909839
2025/05/19,TX,外資,87647,379210048,88069,380698341,-422,-1488293,23408,100526568,61121,262335289,-37713,-161808721
2025/05/19,MTX,投信,0,0,1,1072,-1,-1072,148,158972,19,20365,129,138607
2025/05/19,MTX,外資,78520,85215192,83845,91004305,-5325,-5789112,8456,9091742,6780,7291959,1676,1799783
2025/05/19,ZMX,自營商,6460,1394441,20865,4511325,-14405,-3116884,21244,4564042,18189,3909486,3055,654556
2025/05/19,ZMX,投信,0,0,0,0,0,0,0,0,0,0,0,0
2025/05/19,ZMX,外資,40140,8723097,43415,9433801,-3275,-710704,1990,427160,150,31747,1840,395413
2025/05/19,MTX,自營商,9703,10492185,10781,11644121,-1078,-1151936,9184,9860468,6390,6818994,2794,3041474
2025/05/19,NQF,投信,0,0,0,0,0,0,2,2125,0,0,2,2125
2025/05/19,NQF,外資,275,294137,305,326325,-30,-32188,1064,1135501,436,466904,628,668597
2025/05/19,NQF,自營商,8,8540,25,26552,-17,-18012,1,1062,162,172109,-161,-171047
2025/05/20,TX,自營商,10032,43311901,9978,43048249,54,263652,4254,18235171,7068,30340446,-2814,-12105275
2025/05/20,TX,外資,79159,341645533,79310,342087307,-151,-441774,31993,137474771,69837,299740627,-37844,-162265856
2025/05/20,TX,投信,26936,115816173,26187,112887599,749,2928573,53323,228860942,10115,43411792,43208,185449150
2025/05/20,TE,自營商,149,699518,136,637965,13,61553,81,379275,149,696198,-68,-316923
2025/05/20,MTX,自營商,9291,10021006,9869,10640219,-578,-619213,8244,8856857,5976,6377608,2268,2479249
2025/05/20,TE,外資,375,1764153,357,1679197,18,84957,210,982037,365,1705961,-155,-723924
2025/05/20,TE,投信,40,186741,63,295389,-23,-108648,172,802820,0,0,172,802820
2025/05/20,MTX,投信,69,74048,65,70018,4,4030,152,163105,19,20386,133,142719
2025/05/20,MTX,外資,77684,83902992,77555,83781752,129,121240,6906,7426881,4997,5375743,1909,2051138
2025/05/20,ZMX,自營商,11336,2440871,12104,2606061,-768,-165190,20745,4457306,17758,3817751,2987,639555
2025/05/20,ZMX,外資,41791,9023185,40503,8747022,1288,276163,2340,502727,132,27731,2208,474996
2025/05/20,NQF,外資,590,630573,454,485004,136,145569,1161,1250562,397,429407,764,821155
2025/05/20,NQF,投信,0,0,0,0,0,0,2,2146,0,0,2,2146
2025/05/20,ZMX,投信,0,0,0,0,0,0,0,0,0,0,0,0
2025/05/20,NQF,自營商,27,28861,27,28653,0,209,3,3219,164,175956,-161,-172737
