日期,契約名稱,身份別,多方交易口數,多方契約金額,空方交易口數,空方契約金額,多空淨額交易口數,多空淨額契約金額,多方未平倉口數,多方未平倉契約金額,空方未平倉口數,空方未平倉契約金額,多空淨額未平倉口數,多空淨額未平倉契約金額
2024/01/02,TX,外資,47732,170145520,48449,172680269,-717,-2534749,48357,172147870,65786,234194020,-17429,-62046150
2024/01/02,TE,投信,0,0,0,0,0,0,222,785258,0,0,222,785258
2024/01/02,TE,自營商,237,840909,320,1134246,-83,-293338,256,905509,411,1453781,-155,-548272
2024/01/02,TX,自營商,9555,34052898,9119,32493044,436,1559854,8514,30309181,7073,25167149,1441,5142032
2024/01/02,TX,投信,297,1057393,458,1630299,-161,-572906,21605,76913800,11576,41210560,10029,35703240
2024/01/02,TE,外資,801,2838326,771,2732713,30,105613,621,2196601,802,2836834,-181,-640233
2024/01/02,MTX,外資,70951,63232966,77749,69280207,-6798,-6047241,2666,2372875,7433,6615417,-4767,-4242542
2024/01/02,MTX,投信,4,3558,2,1780,2,1778,206,183340,14,12460,192,170880
2024/01/02,MTX,自營商,14994,13364097,16107,14348552,-1113,-984455,8110,7218111,7278,6468419,832,749692
2024/01/02,NQF,自營商,7,5936,1,851,6,5085,14,11911,35,29776,-21,-17865
2024/01/02,NQF,外資,721,613825,796,677459,-75,-63634,554,472953,214,182061,340,290892
2024/01/02,NQF,投信,0,0,0,0,0,0,0,0,0,0,0,0
2024/01/03,TX,投信,537,1884547,1755,6158867,-1218,-4274320,20764,72860876,11953,41943077,8811,30917799
2024/01/03,TE,投信,6,20887,19,66054,-13,-45168,209,726693,0,0,209,726693
2024/01/03,TX,外資,58026,204489716,63357,223331352,-5331,-18841636,45453,159492638,69488,243829744,-24035,-84337106
2024/01/03,MTX,投信,9,7908,0,0,9,7908,215,188609,14,12282,201,176327
2024/01/03,TE,自營商,266,929086,334,1165986,-68,-236899,189,657147,457,1588983,-268,-931836
2024/01/03,TE,外資,828,2888188,829,2892837,-1,-4649,574,1995798,770,2677290,-196,-681492
2024/01/03,MTX,外資,71801,63310976,86386,76174352,-14585,-12863376,1394,1222928,15625,13706963,-14231,-12484035
2024/01/03,TX,自營商,13803,48641206,14680,51700696,-877,-3059490,8386,29425911,7791,27326381,595,2099530
2024/01/03,MTX,自營商,21605,19040729,27098,23871887,-5493,-4831159,9191,8063210,13815,12108001,-4624,-4044791
2024/01/03,NQF,自營商,29,24301,25,20915,4,3386,19,15865,36,30060,-17,-14195
2024/01/04,TX,投信,385,1351382,433,1519258,-48,-167876,20484,71898840,11721,41140710,8763,30758130
2024/01/03,NQF,外資,1308,1097205,1891,1587088,-583,-489883,211,177411,454,379090,-243,-201679
2024/01/04,TX,自營商,6402,22459145,7938,27850863,-1536,-5391717,6904,24230686,7863,27582648,-959,-3351962
2024/01/03,NQF,投信,0,0,0,0,0,0,0,0,0,0,0,0
2024/01/04,TE,自營商,249,864996,303,1052232,-54,-187236,203,704804,526,1826262,-323,-1121458
2024/01/04,TX,外資,48994,171909131,45431,159400303,3563,12508828,44327,155582441,64797,227430188,-20470,-71847747
2024/01/04,TE,外資,610,2119634,524,1820759,86,298875,606,2104032,716,2485952,-110,-381920
2024/01/04,TE,投信,10,34708,0,0,10,34708,219,760368,0,0,219,760368
2024/01/04,MTX,自營商,9144,8017663,9533,8359211,-389,-341547,8215,7207861,13156,11530365,-4941,-4322504
2024/01/04,MTX,投信,0,0,4,3510,-4,-3510,211,185153,14,12285,197,172868
2024/01/04,MTX,外資,70569,61893477,61233,53705100,9336,8188377,4298,3771589,9201,8073720,-4903,-4302131
2024/01/04,NQF,投信,0,0,0,0,0,0,0,0,0,0,0,0
2024/01/04,NQF,外資,1155,960316,1648,1369690,-493,-409375,166,138609,902,746585,-736,-607976
2024/01/05,TX,投信,497,1741578,759,2659191,-262,-917613,19898,69714633,11397,39930529,8501,29784104
2024/01/04,NQF,自營商,47,39045,156,129550,-109,-90505,10,8277,136,112567,-126,-104290
2024/01/05,TX,自營商,9259,32500623,8174,28691632,1085,3808991,8027,28120058,7841,27457050,186,663008
2024/01/05,TX,外資,50697,178023797,49911,175252083,786,2771714,44663,156478285,64345,225431834,-19682,-68953549
2024/01/05,TE,自營商,239,830753,254,882132,-15,-51379,179,619718,520,1800340,-341,-1180622
2024/01/05,TE,外資,816,2834516,829,2879278,-13,-44761,545,1886899,668,2312750,-123,-425851
2024/01/05,TE,投信,0,0,17,58869,-17,-58869,202,699364,0,0,202,699364
2024/01/05,MTX,自營商,11583,10167171,10533,9243921,1050,923249,8612,7543185,12743,11149415,-4131,-3606230
2024/01/05,MTX,外資,67525,59287825,69130,60687967,-1605,-1400142,3217,2817840,9733,8525081,-6516,-5707241
2024/01/05,MTX,投信,0,0,4,3507,-4,-3507,207,181311,14,12263,193,169048
2024/01/05,NQF,自營商,34,28094,113,93317,-79,-65223,7,5757,212,174349,-205,-168592
2024/01/05,NQF,投信,0,0,0,0,0,0,0,0,0,0,0,0
2024/01/05,NQF,外資,1046,864485,1258,1039630,-212,-175146,114,94427,1062,873389,-948,-778962
2024/01/08,TX,自營商,11601,40838114,11596,40820560,5,17553,7895,27776311,7476,26288419,419,1487892
2024/01/08,TX,投信,309,1087916,90,316793,219,771123,20016,70436290,11296,39750624,8720,30685666
2024/01/08,TE,自營商,267,929308,225,782723,42,146585,195,678072,506,1759559,-311,-1081487
2024/01/08,TX,外資,64604,227310456,63713,224175011,891,3135445,47101,165742207,65892,231860043,-18791,-66117836
2024/01/08,TE,投信,0,0,17,59117,-17,-59117,185,643319,0,0,185,643319
2024/01/08,MTX,自營商,18193,16003684,17247,15164706,946,838979,7984,7022348,12081,10613073,-4097,-3590725
2024/01/08,TE,外資,953,3322199,895,3119508,58,202690,549,1909093,614,2135124,-65,-226031
2024/01/08,MTX,投信,41,36039,40,35183,1,856,207,182080,13,11437,194,170643
2024/01/08,MTX,外資,98264,86413061,96189,84590836,2075,1822226,4653,4093516,9094,8000105,-4441,-3906589
2024/01/08,NQF,投信,0,0,0,0,0,0,0,0,0,0,0,0
2024/01/08,NQF,外資,1575,1298079,1514,1246326,61,51753,101,83794,988,812531,-887,-728737
2024/01/09,TX,自營商,11891,41938756,11778,41515041,113,423714,7906,27738146,7382,25886034,524,1852112
2024/01/09,TX,投信,824,2893159,349,1226584,475,1666575,20487,71897064,11292,39628145,9195,32268919
2024/01/08,NQF,自營商,50,41268,105,86372,-55,-45103,7,5757,267,219581,-260,-213824
2024/01/09,TX,外資,58922,207705452,64391,227067920,-5469,-19362468,45273,158873348,69533,244003240,-24260,-85129892
2024/01/09,TE,自營商,288,1007421,323,1128221,-35,-120800,179,623771,522,1819146,-343,-1195375
2024/01/09,TE,投信,0,0,2,6969,-2,-6969,183,637755,0,0,183,637755
2024/01/09,TE,外資,995,3481557,1007,3524739,-12,-43182,541,1885385,618,2153730,-77,-268345
2024/01/09,MTX,自營商,21667,19110931,21766,19177894,-99,-66963,10108,8866146,14272,12504209,-4164,-3638063
2024/01/09,MTX,投信,17,14909,15,13162,2,1747,209,183328,13,11406,196,171922
2024/01/09,MTX,外資,93220,82190243,97541,85997623,-4321,-3807380,2767,2427627,11529,10114625,-8762,-7686998
2024/01/09,NQF,自營商,31,25852,33,27441,-2,-1588,7,5873,269,225704,-262,-219831
2024/01/09,NQF,外資,1727,1437706,973,808958,754,628748,239,201713,372,312127,-133,-110414
2024/01/10,TX,自營商,11495,40202155,12121,42388537,-626,-2186382,7788,27190621,7873,27472453,-85,-281832
2024/01/10,TX,投信,850,2968151,1616,5646060,-766,-2677909,19390,67709854,10961,38275812,8429,29434042
2024/01/09,NQF,投信,0,0,0,0,0,0,0,0,0,0,0,0
2024/01/10,TE,投信,0,0,5,17355,-5,-17355,178,617731,0,0,178,617731
2024/01/10,TX,外資,56070,196104598,56365,197132852,-295,-1028254,44597,155726160,69152,241466339,-24555,-85740179
2024/01/10,TE,自營商,218,757527,224,777662,-6,-20135,188,652396,538,1867047,-350,-1214651
2024/01/10,MTX,自營商,16067,14047092,18895,16516954,-2828,-2469862,10056,8777548,17168,14970110,-7112,-6192562
2024/01/10,TE,外資,690,2397694,733,2547365,-43,-149671,539,1870546,659,2286994,-120,-416448
2024/01/10,MTX,投信,0,0,2,1746,-2,-1746,209,182430,15,13095,194,169335
2024/01/10,MTX,外資,80630,70502718,82031,71726175,-1401,-1223457,3113,2717640,13254,11570484,-10141,-8852844
2024/01/10,NQF,投信,0,0,0,0,0,0,0,0,0,0,0,0
2024/01/10,NQF,自營商,70,58706,64,53728,6,4979,7,5887,263,221183,-256,-215296
2024/01/10,NQF,外資,1184,992637,1077,901936,107,90702,273,230942,299,251459,-26,-20517
2024/01/11,TX,投信,813,2856681,161,565747,652,2290934,20183,70923049,11102,39012428,9081,31910621
2024/01/11,TX,自營商,9506,33323564,8747,30668627,759,2654937,8346,29323922,7668,26929796,678,2394126
2024/01/11,TE,自營商,317,1106698,264,922011,53,184687,219,767154,517,1811115,-298,-1043961
2024/01/11,TX,外資,59080,207052276,59834,209683737,-754,-2631462,46322,162771296,71631,251702808,-25309,-88931512
2024/01/11,TE,投信,2,7007,2,7005,0,2,178,623570,0,0,178,623570
2024/01/11,MTX,投信,4,3514,0,0,4,3514,211,185355,13,11421,198,173934
2024/01/11,MTX,自營商,16094,14099604,13026,11408677,3068,2690928,9602,8433718,13662,11990980,-4060,-3557262
2024/01/11,TE,外資,1160,4050992,1151,4018904,9,32088,575,2014337,686,2403185,-111,-388848
2024/01/11,MTX,外資,83952,73538254,78217,68495670,5735,5042585,5979,5252474,10385,9123169,-4406,-3870695
2024/01/11,NQF,自營商,57,48283,40,33786,17,14497,7,5951,246,209125,-239,-203174
2024/01/11,NQF,外資,1170,988732,993,838562,177,150171,307,262321,156,132616,151,129705
2024/01/11,NQF,投信,0,0,0,0,0,0,0,0,0,0,0,0
2024/01/12,TX,自營商,11418,39960862,11078,38775346,340,1185516,8726,30513813,7441,26007586,1285,4506227
2024/01/12,TX,投信,357,1249741,934,3267239,-577,-2017498,19763,69118994,11259,39377002,8504,29741992
2024/01/12,TE,自營商,269,937548,215,749149,54,188399,225,783107,480,1670662,-255,-887555
2024/01/12,TX,外資,85249,298395191,86345,302205664,-1096,-3810474,45689,159776432,72093,252116626,-26404,-92340194
2024/01/12,TE,投信,0,0,5,17406,-5,-17406,173,602144,0,0,173,602144
2024/01/12,TE,外資,916,3191541,1067,3718255,-151,-526714,578,2011710,840,2923642,-262,-911932
2024/01/12,MTX,自營商,14397,12599058,17726,15508762,-3329,-2909704,7168,6265980,15625,13649387,-8457,-7383407
2024/01/12,MTX,投信,47,41110,46,40237,1,873,213,186210,14,12237,199,173973
2024/01/12,MTX,外資,98041,85780037,101343,88665247,-3302,-2885210,4537,3966782,12249,10709352,-7712,-6742570
2024/01/12,NQF,自營商,74,62435,68,57373,6,5062,20,16946,253,214367,-233,-197421
2024/01/12,NQF,投信,0,0,0,0,0,0,0,0,0,0,0,0
2024/01/12,NQF,外資,1948,1647964,2107,1781327,-159,-133362,236,201194,244,206741,-8,-5547
2024/01/15,TX,自營商,15924,55933290,16508,57980355,-584,-2047065,8619,30254052,7924,27803334,695,2450718
2024/01/15,TX,投信,15534,54661177,16573,58308377,-1039,-3647200,18285,64194978,10825,38004410,7460,26190568
2024/01/15,TX,外資,121557,426981220,116921,410693691,4636,16287529,48717,171033964,70485,247449653,-21768,-76415689
2024/01/15,TE,自營商,274,958899,321,1123565,-47,-164666,225,787269,527,1843916,-302,-1056647
2024/01/15,TE,外資,1372,4805921,1269,4444642,103,361279,612,2141206,771,2697505,-159,-556299
2024/01/15,TE,投信,134,469904,134,470127,0,-223,173,605220,0,0,173,605220
2024/01/15,MTX,自營商,24346,21373174,21376,18755000,2970,2618174,8228,7220233,13691,12005929,-5463,-4785696
2024/01/15,MTX,投信,66,57917,78,68455,-12,-10538,201,176418,14,12288,187,164130
2024/01/15,MTX,外資,110602,97044194,105408,92468396,5194,4575798,7920,6951391,10438,9161431,-2518,-2210040
2024/01/15,NQF,外資,1654,1403159,1546,1310854,108,92305,387,329941,287,243692,100,86249
2024/01/15,NQF,自營商,59,50006,40,33880,19,16126,17,14435,231,196142,-214,-181707
2024/01/16,TX,外資,92888,323289188,88383,307687780,4505,15601407,48205,167329518,65453,227147797,-17248,-59818279
2024/01/15,NQF,投信,0,0,0,0,0,0,0,0,0,0,0,0
2024/01/16,TX,自營商,16769,58373125,19385,67468938,-2616,-9095813,6233,21616378,7696,26693528,-1463,-5077150
2024/01/16,TX,投信,9506,33078713,13038,45316080,-3532,-12237367,14649,50863232,10721,37227235,3928,13635997
2024/01/16,TE,自營商,495,1722353,507,1763706,-12,-41353,219,760406,496,1722214,-277,-961808
2024/01/16,MTX,自營商,17482,15219285,20970,18254897,-3488,-3035612,7448,6456349,18231,15802847,-10783,-9346498
2024/01/16,MTX,外資,84508,73579110,86677,75472478,-2169,-1893368,7498,6499354,12245,10617182,-4747,-4117828
2024/01/16,MTX,投信,52,45140,45,39012,7,6128,211,183163,17,14758,194,168405
2024/01/16,TE,外資,1374,4778275,1296,4506786,78,271489,648,2249872,729,2531087,-81,-281215
2024/01/16,TE,投信,30,104218,30,104168,0,51,173,600627,0,0,173,600627
2024/01/16,NQF,自營商,14,11876,17,14390,-3,-2515,22,18574,239,201776,-217,-183202
2024/01/16,NQF,投信,0,0,0,0,0,0,0,0,0,0,0,0
2024/01/17,TX,自營商,23625,81608938,20082,69398439,3543,12210498,4654,16041065,6395,22034440,-1741,-5993375
2024/01/16,NQF,外資,457,387420,442,374809,15,12611,399,338322,284,239767,115,98555
2024/01/17,TX,投信,376,1296602,1512,5211054,-1136,-3914452,13684,47168748,10854,37413738,2830,9755010
2024/01/17,TE,自營商,470,1627915,460,1591734,10,36181,144,497837,266,919615,-122,-421778
2024/01/17,TX,外資,73441,254055420,76351,264151433,-2910,-10096012,37896,130627405,52428,180716355,-14532,-50088950
2024/01/17,TE,投信,9,31287,9,31235,0,52,173,598096,0,0,173,598096
2024/01/17,TE,外資,1172,4060422,1256,4353096,-84,-292674,545,1884174,690,2385468,-145,-501294
2024/01/17,MTX,投信,14,12080,6,5186,8,6893,221,190447,19,16373,202,174074
2024/01/17,MTX,自營商,25177,21743100,25170,21749689,7,-6589,2470,2128227,14565,12542054,-12095,-10413827
2024/01/17,MTX,外資,96539,83500934,108618,93945525,-12079,-10444592,960,827280,8716,7511002,-7756,-6683722
2024/01/17,NQF,投信,0,0,0,0,0,0,0,0,0,0,0,0
2024/01/17,NQF,自營商,89,75439,56,47419,33,28021,38,32116,222,187623,-184,-155507
2024/01/17,NQF,外資,1978,1674962,1524,1289797,454,385165,569,483308,0,0,569,483308
2024/01/18,TX,自營商,8028,27693288,8411,29016634,-383,-1323346,5170,17866864,7320,25289417,-2150,-7422553
2024/01/18,TX,外資,59815,206280772,58941,203260843,874,3019929,35651,123223337,49301,170398878,-13650,-47175541
2024/01/18,TX,投信,988,3415158,668,2306579,320,1108579,13600,47007040,10450,36119380,3150,10887660
2024/01/18,TE,外資,1025,3557628,934,3241005,91,316622,522,1813741,576,2001370,-54,-187629
2024/01/18,MTX,自營商,8560,7382024,9458,8154354,-898,-772330,2387,2061849,15276,13188555,-12889,-11126706
2024/01/18,TE,投信,1,3475,17,58936,-16,-55461,171,594157,14,48644,157,545513
2024/01/18,MTX,外資,88771,76543996,82107,70768515,6664,5775481,3449,2980266,4573,3951450,-1124,-971184
2024/01/18,MTX,投信,5,4321,4,3448,1,874,222,191830,19,16418,203,175412
2024/01/18,NQF,自營商,98,82355,86,72303,12,10052,38,32036,210,177041,-172,-145005
2024/01/18,TE,自營商,244,846074,228,790249,16,55825,144,500342,263,913820,-119,-413478
2024/01/19,TX,自營商,13158,46152660,11948,41902859,1210,4249801,5798,20486505,6762,23886648,-964,-3400143
2024/01/18,NQF,外資,1774,1491849,1712,1438484,62,53365,643,544316,12,10117,631,534199
2024/01/18,NQF,投信,0,0,0,0,0,0,0,0,0,0,0,0
2024/01/19,TX,投信,812,2869227,271,957058,541,1912169,13515,47772822,9824,34725875,3691,13046947
2024/01/19,TX,外資,90353,316490262,81594,285947579,8759,30542683,41546,146854714,44159,156083715,-2613,-9229001
2024/01/19,TE,投信,3,10730,0,0,3,10730,174,625565,14,50333,160,575232
2024/01/19,TE,自營商,355,1262908,392,1396177,-37,-133270,192,690278,348,1251130,-156,-560852
2024/01/19,MTX,投信,2,1767,0,0,2,1767,224,197949,19,16790,205,181159
2024/01/19,MTX,自營商,22308,19539150,16112,14125844,6196,5413306,7789,6877828,14386,12702196,-6597,-5824368
2024/01/19,TE,外資,1707,6075945,1404,5001980,303,1073966,736,2645992,487,1750862,249,895130
2024/01/19,MTX,外資,126577,110805511,102481,89747568,24096,21057943,14610,12910484,750,662739,13860,12247745
2024/01/19,NQF,投信,0,0,0,0,0,0,0,0,0,0,0,0
2024/01/19,NQF,外資,2484,2115117,2347,1998431,137,116686,774,665843,6,5146,768,660697
2024/01/19,NQF,自營商,88,74603,75,63951,13,10652,21,18012,180,154386,-159,-136374
2024/01/22,TX,外資,63657,226121713,67898,241153361,-4241,-15031648,37860,134892793,44714,159305198,-6854,-24412405
2024/01/22,TX,自營商,9586,34051259,7644,27156298,1942,6894961,7277,25918665,6456,22985909,821,2932756
2024/01/22,TE,投信,0,0,0,0,0,0,174,633290,14,50954,160,582336
2024/01/22,TX,投信,401,1427872,11,39186,390,1388686,13744,48969872,9663,34429269,4081,14540603
2024/01/22,TE,自營商,197,714287,246,892067,-49,-177780,143,520449,348,1266581,-205,-746132
2024/01/22,MTX,自營商,11153,9900611,11278,10015375,-125,-114764,7792,6935370,13886,12359627,-6094,-5424257
2024/01/22,MTX,外資,90526,80385350,97433,86485516,-6907,-6100165,10963,9764655,4010,3571924,6953,6192731
2024/01/22,TE,外資,976,3543386,988,3584937,-12,-41551,658,2394748,421,1532272,237,862476
2024/01/22,MTX,投信,41,36514,0,0,41,36514,263,234267,17,15143,246,219124
2024/01/22,NQF,外資,1781,1540456,2055,1780597,-274,-240141,540,476156,46,40372,494,435784
2024/01/22,NQF,投信,0,0,0,0,0,0,0,0,0,0,0,0
2024/01/23,TX,自營商,6509,23215020,8356,29805261,-1847,-6590241,5599,19997973,6762,24148172,-1163,-4150199
2024/01/23,TX,外資,55269,197113548,49862,177817052,5407,19296495,40947,146325644,42394,151487570,-1447,-5161926
2024/01/22,NQF,自營商,162,139704,93,81516,69,58188,70,61436,160,140424,-90,-78988
2024/01/23,TX,投信,12,42879,198,707533,-186,-664654,13655,48797508,9760,34878336,3895,13919172
2024/01/23,TE,自營商,192,698730,210,763615,-18,-64885,128,466195,355,1292975,-227,-826780
2024/01/23,TE,投信,0,0,0,0,0,0,174,633743,14,50991,160,582752
2024/01/23,MTX,自營商,11147,9937799,10645,9490858,502,446941,9262,8269060,14306,12771550,-5044,-4502490
2024/01/23,TE,外資,864,3143740,834,3034944,30,108796,592,2156089,325,1183709,267,972380
2024/01/23,MTX,外資,73858,65845341,67395,60070896,6463,5774446,15050,13444985,1634,1459802,13416,11985183
2024/01/23,MTX,投信,4,3563,36,32161,-32,-28598,231,206375,17,15188,214,191187
2024/01/23,NQF,投信,0,0,0,0,0,0,0,0,0,0,0,0
2024/01/23,NQF,外資,1005,880301,1386,1212990,-381,-332689,325,286527,212,185246,113,101281
2024/01/23,NQF,自營商,60,52512,63,55081,-3,-2569,60,52428,153,133691,-93,-81263
2024/01/24,TX,自營商,7154,25612790,7692,27547514,-538,-1934724,4760,17024636,6775,24231685,-2015,-7207049
2024/01/24,TE,自營商,114,415844,150,546605,-36,-130762,100,364194,368,1340228,-268,-976034
2024/01/24,TX,外資,45446,162743966,44482,159276337,964,3467630,39877,142724821,40360,144443336,-483,-1718515
2024/01/24,TE,投信,65,236826,0,0,65,236826,239,870438,14,50988,225,819450
2024/01/24,TX,投信,1,3580,669,2394495,-668,-2390916,12987,46483070,9760,34932992,3227,11550078
2024/01/24,TE,外資,718,2618042,662,2414006,56,204036,608,2214252,285,1037964,323,1176288
2024/01/24,MTX,外資,62942,56347590,62047,55535803,895,811787,15113,13522197,841,752518,14272,12769679
2024/01/24,MTX,投信,8,7165,0,0,8,7165,237,212068,15,13422,222,198646
2024/01/24,MTX,自營商,10099,9036458,10735,9606632,-636,-570174,8571,7662915,12609,11272877,-4038,-3609962
2024/01/24,NQF,自營商,53,46470,5,4399,48,42070,77,67775,122,107384,-45,-39609
2024/01/24,NQF,外資,1342,1174684,1187,1036998,155,137686,321,285220,53,46651,268,238569
2024/01/25,TX,自營商,8228,29595204,7912,28457741,316,1137464,4939,17764691,6740,24241023,-1801,-6476332
2024/01/24,NQF,投信,0,0,0,0,0,0,0,0,0,0,0,0
2024/01/25,TX,投信,158,568758,205,737865,-47,-169107,12782,46007531,9602,34561439,3180,11446092
2024/01/25,TX,外資,57962,208540991,54091,194616007,3871,13924984,43935,158136553,40547,145931209,3388,12205344
2024/01/25,TE,自營商,193,708620,248,910441,-55,-201821,114,419333,441,1622157,-327,-1202824
2024/01/25,TE,投信,15,55166,0,0,15,55166,240,882816,0,0,240,882816
2024/01/25,MTX,外資,84163,75694917,83926,75490656,237,204261,15747,14168820,1238,1113956,14509,13054864
2024/01/25,MTX,自營商,12059,10838897,8878,7979794,3181,2859103,9886,8888237,10335,9289854,-449,-401617
2024/01/25,MTX,投信,0,0,20,17998,-20,-17998,217,195267,15,13498,202,181769
2024/01/25,TE,外資,729,2676032,661,2427488,68,248544,672,2471819,281,1033626,391,1438193
2024/01/25,NQF,自營商,193,170760,231,204291,-38,-33530,49,43169,132,116292,-83,-73123
2024/01/26,TX,自營商,6213,22373239,7158,25770487,-945,-3397248,4702,16915143,7445,26781904,-2743,-9866761
2024/01/25,NQF,外資,1694,1497907,1721,1521855,-27,-23948,414,367410,173,152413,241,214997
2024/01/25,NQF,投信,0,0,0,0,0,0,0,0,0,0,0,0
2024/01/26,TX,投信,103,370799,182,655150,-79,-284351,12703,45728259,9602,34565280,3101,11162979
2024/01/26,TX,外資,50335,181304052,49305,177613007,1030,3691044,44162,158971591,39731,143010694,4431,15960897
2024/01/26,TE,投信,0,0,49,179372,-49,-179372,191,700053,0,0,191,700053
2024/01/26,TE,自營商,172,631488,197,723586,-25,-92098,73,267556,434,1590677,-361,-1323121
2024/01/26,MTX,自營商,9344,8407190,8867,7977159,477,430030,10389,9341997,10373,9325034,16,16963
2024/01/26,TE,外資,708,2599728,689,2529581,19,70147,705,2583902,295,1081230,410,1502672
2024/01/26,MTX,投信,0,0,0,0,0,0,217,195289,15,13499,202,181790
2024/01/26,MTX,外資,71279,64192656,70668,63652854,611,539802,15938,14342350,870,782884,15068,13559466
2024/01/26,NQF,自營商,58,51131,218,191890,-160,-140759,14,12270,257,225235,-243,-212965
2024/01/26,NQF,投信,0,0,0,0,0,0,0,0,0,0,0,0
2024/01/29,TX,投信,463,1678421,533,1931502,-70,-253081,12222,44299861,9191,33313699,3031,10986162
2024/01/29,TX,自營商,7859,28384087,7163,25873736,696,2510352,5511,19961148,7520,27236960,-2009,-7275812
2024/01/29,TE,自營商,158,581176,149,547885,9,33291,127,469507,478,1767160,-351,-1297653
2024/01/29,TX,外資,49101,177267923,50157,181107319,-1056,-3839397,45172,163726695,41797,151482693,3375,12244002
2024/01/26,NQF,外資,1490,1315759,1605,1415488,-115,-99729,433,382278,307,269055,126,113223
2024/01/29,TE,投信,0,0,0,0,0,0,191,706127,0,0,191,706127
2024/01/29,MTX,自營商,12938,11673587,10856,9797280,2082,1876307,13545,12262047,11599,10501549,1946,1760498
2024/01/29,TE,外資,653,2403954,607,2233908,46,170047,701,2591501,245,905759,456,1685742
2024/01/29,MTX,投信,62,56099,63,57074,-1,-974,216,195657,15,13592,201,182065
2024/01/29,MTX,外資,74289,67044304,69690,62885599,4599,4158705,20671,18729503,1004,909723,19667,17819780
2024/01/29,NQF,投信,0,0,0,0,0,0,0,0,0,0,0,0
2024/01/29,NQF,自營商,66,57907,59,51742,7,6165,14,12279,250,219263,-236,-206984
2024/01/29,NQF,外資,1638,1438094,1687,1480378,-49,-42285,257,227843,180,157869,77,69974
2024/01/30,TX,自營商,6995,25318593,6869,24862827,126,455766,5261,19010699,7105,25672922,-1844,-6662223
2024/01/30,TX,投信,173,626269,49,177203,124,449066,12328,44580514,9173,33171403,3155,11409111
2024/01/30,TE,自營商,224,827953,157,579878,67,248075,164,605742,453,1673196,-289,-1067454
2024/01/30,TE,投信,0,0,0,0,0,0,191,705478,0,0,191,705478
2024/01/30,TX,外資,45104,163301773,47606,172354290,-2502,-9052517,42133,152357587,41259,149185098,874,3172489
2024/01/30,TE,外資,623,2301969,775,2863472,-152,-561503,581,2145911,277,1023123,304,1122788
2024/01/30,MTX,外資,57604,52141523,66629,60306294,-9025,-8164772,12700,11480197,2062,1864103,10638,9616094
2024/01/30,MTX,自營商,9682,8759476,10720,9694136,-1038,-934660,11177,10095384,10425,9414430,752,680954
2024/01/30,MTX,投信,29,26188,30,27123,-1,-935,216,195166,16,14465,200,180701
2024/01/30,NQF,自營商,5,4429,13,11472,-8,-7044,14,12402,258,228549,-244,-216147
2024/01/31,TX,投信,130,465868,416,1490924,-286,-1025057,12212,43770250,9343,33487181,2869,10283069
2024/01/31,TX,自營商,9505,34144821,10163,36512657,-658,-2367836,4579,16403048,7177,25706040,-2598,-9302992
2024/01/30,NQF,投信,0,0,0,0,0,0,0,0,0,0,0,0
2024/01/30,NQF,外資,1124,989257,1034,909651,90,79607,376,335644,209,185143,167,150501
2024/01/31,TX,外資,49725,178723799,52121,187325675,-2396,-8601876,40253,144272403,41779,149729878,-1526,-5457475
2024/01/31,TE,投信,0,0,60,218711,-60,-218711,131,477521,0,0,131,477521
2024/01/31,TE,外資,936,3421328,943,3447891,-7,-26563,530,1931863,233,849326,297,1082537
2024/01/31,TE,自營商,274,1002085,287,1049665,-13,-47581,117,426477,437,1592929,-320,-1166452
2024/01/31,MTX,外資,65904,59228353,72600,65250480,-6696,-6022127,9295,8328136,5215,4672891,4080,3655245
2024/01/31,MTX,投信,36,32224,41,36744,-5,-4520,214,191655,19,17025,195,174630
2024/01/31,MTX,自營商,12026,10799532,15464,13883903,-3438,-3084371,7009,6276158,9061,8109630,-2052,-1833472
2024/01/31,NQF,自營商,36,31600,83,72625,-47,-41025,8,6984,299,261027,-291,-254043
2024/01/31,NQF,投信,0,0,0,0,0,0,0,0,0,0,0,0
2024/02/01,TX,投信,134,480984,11,39449,123,441535,12331,44354607,9339,33592383,2992,10762224
2024/02/01,TX,自營商,8805,31592870,8688,31179429,117,413441,4801,17258315,7298,26232280,-2497,-8973965
2024/01/31,NQF,外資,1019,897644,1418,1249575,-399,-351931,249,219797,481,419913,-232,-200116
2024/02/01,TX,外資,67736,243190199,69731,250312285,-1995,-7122086,40052,144064496,43573,156716204,-3521,-12651708
2024/02/01,TE,投信,0,0,2,7293,-2,-7293,129,470308,0,0,129,470308
2024/02/01,MTX,自營商,13470,12083679,13245,11879831,225,203848,8158,7330676,9921,8911909,-1763,-1581233
2024/02/01,TE,自營商,304,1107666,321,1168259,-17,-60593,91,331761,426,1553107,-335,-1221346
2024/02/01,MTX,投信,0,0,6,5396,-6,-5396,208,186932,19,17086,189,169846
2024/02/01,MTX,外資,93062,83537266,89713,80503516,3349,3033750,11707,10526802,4278,3846979,7429,6679823
2024/02/01,TE,外資,1097,3991289,1146,4167685,-49,-176396,576,2099926,328,1195819,248,904107
2024/02/01,NQF,投信,0,0,0,0,0,0,0,0,0,0,0,0
2024/02/01,NQF,自營商,150,130264,149,129225,1,1039,8,6926,298,258008,-290,-251082
2024/02/02,TX,自營商,6499,23456062,6009,21687288,490,1768775,5098,18426731,7114,25711315,-2016,-7284584
2024/02/01,NQF,外資,2257,1960510,3074,2668729,-817,-708219,184,160935,1233,1067531,-1049,-906596
2024/02/02,TX,外資,49141,177322164,50915,183722895,-1774,-6400730,38991,141020128,45127,163198936,-6136,-22178808
2024/02/02,TE,自營商,289,1060932,159,583604,130,477328,227,834986,452,1662660,-225,-827674
2024/02/02,TX,投信,197,712557,132,477401,65,235156,12233,44244314,9176,33187757,3057,11056557
2024/02/02,TE,外資,967,3549887,1077,3953910,-110,-404022,617,2269607,479,1762044,138,507563
2024/02/02,MTX,自營商,9408,8482377,9052,8161826,356,320551,9047,8173814,10418,9411288,-1371,-1237474
2024/02/02,TE,投信,0,0,0,0,0,0,129,474539,0,0,129,474539
2024/02/02,MTX,外資,66758,60215243,66408,59888288,350,326956,12164,10997815,1021,923150,11143,10074665
2024/02/02,MTX,投信,20,18070,19,17179,1,890,207,187041,17,15371,190,171670
2024/02/02,NQF,自營商,160,140403,38,33042,122,107360,8,7046,176,155012,-168,-147966
2024/02/02,NQF,外資,2086,1814779,2126,1846283,-40,-31504,204,181538,1293,1138810,-1089,-957272
2024/02/05,TX,投信,242,875238,6,21705,236,853532,12462,45075054,9169,33164273,3293,11910781
2024/02/05,TX,自營商,8149,29392119,7666,27660306,483,1731813,5569,20130161,7144,25821622,-1575,-5691461
2024/02/02,NQF,投信,0,0,0,0,0,0,0,0,0,0,0,0
2024/02/05,TX,外資,58771,212021670,58129,209652420,642,2369249,38219,138235685,43713,158093140,-5494,-19857455
2024/02/05,TE,自營商,151,556152,198,729049,-47,-172898,219,808683,503,1857380,-284,-1048697
2024/02/05,TE,外資,758,2791504,720,2650111,38,141392,615,2270952,439,1621052,176,649900
2024/02/05,TE,投信,5,18448,0,0,5,18448,134,494808,0,0,134,494808
2024/02/05,MTX,外資,76461,68949805,78181,70481668,-1720,-1531863,10339,9348068,916,828257,9423,8519811
2024/02/05,MTX,自營商,13661,12313647,12699,11445946,962,867701,8583,7756013,8824,7972101,-241,-216088
2024/02/05,MTX,投信,4,3617,0,0,4,3617,207,187058,13,11755,194,175303
2024/02/05,NQF,自營商,96,84555,152,133840,-56,-49285,9,7971,233,206065,-224,-198094
2024/02/05,NQF,投信,0,0,0,0,0,0,0,0,0,0,0,0
2024/02/05,NQF,外資,2720,2399405,2268,1999094,452,400311,221,197599,858,758815,-637,-561216
2024/02/15,TX,投信,255,951684,2,7457,253,944227,12656,47247379,9110,34009452,3546,13237927
2024/02/15,TX,外資,74975,277694053,72178,267162898,2797,10531155,44064,164481185,46717,174369158,-2653,-9887973
2024/02/15,TE,投信,0,0,0,0,0,0,134,518607,0,0,134,518607
2024/02/15,TX,自營商,13525,50155366,14681,54482465,-1156,-4327099,6509,24273933,9293,34670530,-2784,-10396597
2024/02/15,TE,外資,1206,4652790,1146,4419893,60,232896,629,2434156,393,1520986,236,913170
2024/02/15,MTX,外資,79826,73786917,74335,68590017,5491,5196899,15569,14528590,1035,965948,14534,13562642
2024/02/15,MTX,投信,4,3717,0,0,4,3717,211,196748,13,12133,198,184615
2024/02/15,MTX,自營商,25170,23333465,21281,19726003,3889,3607463,12765,11899201,8560,7984542,4205,3914659
2024/02/15,NQF,自營商,32,28316,23,20412,9,7905,9,8060,224,200312,-215,-192252
2024/02/15,NQF,投信,0,0,0,0,0,0,0,0,0,0,0,0
2024/02/16,TX,自營商,9374,35016325,8778,32784288,596,2232037,6155,22928797,8341,31071205,-2186,-8142408
2024/02/15,NQF,外資,1280,1133229,1500,1328719,-220,-195491,206,186277,1063,950588,-857,-764311
2024/02/15,TE,自營商,264,1017758,275,1060628,-11,-42870,236,913339,537,2078170,-301,-1164831
2024/02/16,TX,投信,1151,4299467,707,2639883,444,1659584,12500,46595961,8510,31723485,3990,14872476
2024/02/16,TX,外資,51913,193942653,55971,209098342,-4058,-15155689,42342,157820862,49045,182797586,-6703,-24976724
2024/02/16,TE,外資,947,3658344,1018,3931403,-71,-273059,596,2293024,431,1658256,165,634768
2024/02/16,MTX,自營商,9776,9127067,12134,11323936,-2358,-2196868,10942,10189232,9103,8478363,1839,1710869
2024/02/16,TE,投信,0,0,7,26984,-7,-26984,133,511757,6,23066,127,488691
2024/02/16,MTX,外資,52677,49213097,57290,53518534,-4613,-4305436,12641,11779330,2752,2564715,9889,9214615
2024/02/16,MTX,投信,19,17723,16,14918,3,2804,213,198394,12,11174,201,187220
2024/02/16,NQF,投信,0,0,0,0,0,0,0,0,0,0,0,0
2024/02/16,NQF,自營商,7,6277,44,39373,-37,-33095,8,7177,260,233259,-252,-226082
2024/02/16,TE,自營商,137,529375,172,664361,-35,-134986,222,854144,573,2204596,-351,-1350452
2024/02/19,TX,自營商,11077,41335932,11879,44322719,-802,-2986788,6292,23483613,9389,35045293,-3097,-11561680
2024/02/16,NQF,外資,960,859083,942,842060,18,17023,242,219560,1081,969819,-839,-750259
2024/02/19,TX,投信,11079,41349872,10927,40781092,152,568780,12652,47244091,8510,31777558,4142,15466533
2024/02/19,TE,自營商,620,2377190,574,2201873,46,175317,446,1709417,769,2947532,-323,-1238115
2024/02/19,TE,投信,43,164867,37,141961,6,22906,133,509774,0,0,133,509774
2024/02/19,TX,外資,78928,294535130,75701,282496824,3227,12038306,47254,176451245,50725,189402190,-3471,-12950945
2024/02/19,MTX,自營商,10452,9746621,9883,9214094,569,532527,9687,9037350,6843,6384022,2844,2653328
2024/02/19,MTX,投信,0,0,1,934,-1,-934,213,198847,13,12137,200,186710
2024/02/19,MTX,外資,52066,48567631,47986,44756803,4080,3810828,16519,15420330,2570,2398979,13949,13021351
2024/02/19,TE,外資,1174,4505128,1236,4741124,-62,-235996,657,2518193,554,2123306,103,394887
2024/02/19,NQF,投信,0,0,0,0,0,0,0,0,0,0,0,0
2024/02/19,NQF,自營商,58,52040,67,59614,-9,-7574,6,5338,267,237523,-261,-232185
2024/02/19,NQF,外資,1685,1507361,2003,1789050,-318,-281689,273,245508,1430,1272128,-1157,-1026620
2024/02/20,TE,自營商,476,1833214,456,1755975,20,77239,516,1990865,918,3542214,-402,-1551349
2024/02/20,TX,投信,9464,35439184,9393,35168094,71,271090,12616,47335191,8403,31528002,4213,15807189
2024/02/20,TX,外資,73614,275294811,68325,255524376,5289,19770435,51463,193069629,48721,182768171,2742,10301458
2024/02/20,TE,投信,95,366052,96,370001,-1,-3949,132,509256,0,0,132,509256
2024/02/20,TX,自營商,11805,44146267,12911,48282146,-1106,-4135879,4995,18723173,9205,34520069,-4210,-15796896
2024/02/20,MTX,自營商,10512,9822185,10884,10169788,-372,-347603,9255,8672279,6755,6330503,2500,2341776
2024/02/20,MTX,投信,58,54352,62,58048,-4,-3696,207,194164,11,10318,196,183846
2024/02/20,TE,外資,953,3669325,913,3515884,40,153441,675,2604370,532,2052504,143,551866
2024/02/20,MTX,外資,55292,51670401,47417,44293941,7875,7376460,19679,18453291,1551,1454181,18128,16999110
2024/02/20,NQF,自營商,3,2660,46,40706,-43,-38046,8,7080,312,276136,-304,-269056
2024/02/20,NQF,外資,571,508385,709,630418,-138,-122033,279,249793,1574,1393069,-1295,-1143276
2024/02/20,NQF,投信,0,0,0,0,0,0,0,0,0,0,0,0
2024/02/21,TX,投信,116,433815,104,388879,12,44937,12662,47338153,8437,31542568,4225,15795585
2024/02/21,TX,外資,52577,196916214,58230,218097530,-5653,-21181316,39203,146564216,36782,137505307,2421,9058909
2024/02/21,TX,自營商,14112,52852592,13296,49772309,816,3080283,1774,6623575,7797,29136287,-6023,-22512712
2024/02/21,TE,自營商,434,1668503,545,2094348,-111,-425845,111,425663,255,977874,-144,-552211
2024/02/21,MTX,投信,4,3745,4,3742,0,3,207,193473,11,10281,196,183192
2024/02/21,TE,投信,0,0,0,0,0,0,132,506194,0,0,132,506194
2024/02/21,MTX,自營商,15537,14545758,18229,17059076,-2692,-2513318,3147,2936866,5931,5539420,-2784,-2602554
2024/02/21,MTX,外資,61602,57694011,73378,68720650,-11776,-11026639,5954,5564910,4417,4128360,1537,1436550
2024/02/21,TE,外資,882,3389889,836,3213001,46,176888,452,1733330,309,1184953,143,548377
2024/02/21,NQF,自營商,17,14927,33,29104,-16,-14177,8,7027,328,288099,-320,-281072
2024/02/21,NQF,投信,0,0,0,0,0,0,0,0,0,0,0,0
2024/02/22,TX,投信,225,849826,170,636329,55,213498,12712,48015766,8432,31849350,4280,16166416
2024/02/21,NQF,外資,1953,1719199,2383,2098320,-430,-379122,277,246189,2002,1758733,-1725,-1512544
2024/02/22,TX,外資,49974,187809408,49310,185338325,664,2471083,38764,146419094,35679,134758299,3085,11660795
2024/02/22,TX,自營商,7190,27047969,7635,28719813,-445,-1671844,2756,10400615,9102,34365313,-6346,-23964698
2024/02/22,TE,投信,0,0,12,46474,-12,-46474,132,513902,12,46718,120,467184
2024/02/22,MTX,自營商,10166,9564160,8251,7755913,1915,1808247,3701,3489297,5058,4772566,-1357,-1283269
2024/02/22,TE,外資,1050,4069878,939,3640624,111,429255,516,2008891,262,1020016,254,988875
2024/02/22,TE,自營商,174,675309,205,794803,-31,-119494,119,463283,314,1222465,-195,-759182
2024/02/22,MTX,外資,71636,67304441,67781,63681079,3855,3623363,7042,6649715,1650,1558082,5392,5091633
2024/02/22,MTX,投信,2,1889,0,0,2,1889,207,195470,9,8499,198,186971
2024/02/22,NQF,自營商,331,294290,28,24601,303,269689,27,24029,44,39169,-17,-15140
2024/02/22,NQF,投信,0,0,0,0,0,0,0,0,0,0,0,0
2024/02/22,NQF,外資,2156,1892734,1708,1499766,448,392968,287,258463,1564,1392158,-1277,-1133695
2024/02/23,TX,自營商,8223,31155856,7716,29231287,507,1924569,2824,10674204,8660,32740975,-5836,-22066771
2024/02/23,TX,投信,525,1987151,31,117338,494,1869813,13019,49243066,8245,31185888,4774,18057178
2024/02/23,TX,外資,50900,192909477,49839,188900420,1061,4009057,38778,146673731,34632,130984161,4146,15689570
2024/02/23,TE,外資,1001,3920044,979,3833151,22,86892,504,1971029,228,891662,276,1079367
2024/02/23,TE,投信,0,0,1,3911,-1,-3911,131,512315,12,46930,119,465385
2024/02/23,TE,自營商,253,990628,332,1300022,-79,-309395,131,512312,410,1603418,-279,-1091106
2024/02/23,MTX,投信,0,0,0,0,0,0,207,195739,9,8510,198,187229
2024/02/23,MTX,自營商,11062,10477012,11018,10431046,44,45965,3196,3017550,4521,4270974,-1325,-1253424
2024/02/23,MTX,外資,66123,62653178,71196,67459000,-5073,-4805822,5557,5254699,5238,4953025,319,301674
2024/02/23,NQF,自營商,100,89824,82,73973,18,15851,40,36098,39,35242,1,856
2024/02/23,NQF,投信,0,0,0,0,0,0,0,0,0,0,0,0
2024/02/23,NQF,外資,2676,2402966,2036,1826984,640,575982,316,288593,953,860035,-637,-571442
2024/02/26,TX,自營商,6266,23717790,6766,25613097,-500,-1895307,2820,10689164,9166,34750445,-6346,-24061281
2024/02/26,TX,外資,43653,165192934,41648,157602545,2005,7590389,41051,155698054,34900,132361039,6151,23337015
2024/02/26,TX,投信,123,466524,622,2360170,-499,-1893645,12462,47265874,8187,31051654,4275,16214220
2024/02/26,TE,自營商,223,872276,142,555165,81,317111,184,720807,399,1563048,-215,-842241
2024/02/26,TE,外資,766,2994154,846,3307281,-80,-313128,424,1660994,228,893167,196,767827
2024/02/26,MTX,自營商,9234,8738660,8146,7704480,1088,1034181,4156,3935934,4353,4123496,-197,-187562
2024/02/26,MTX,投信,1,948,0,0,1,948,207,196277,8,7586,199,188691
2024/02/26,MTX,外資,61296,57987918,55708,52694914,5588,5293003,8505,8064414,2598,2463420,5907,5600994
2024/02/26,TE,投信,0,0,0,0,0,0,131,513179,12,47009,119,466170
2024/02/26,NQF,自營商,107,96554,246,221034,-139,-124480,63,56587,201,180585,-138,-123998
2024/02/26,NQF,投信,0,0,0,0,0,0,0,0,0,0,0,0
2024/02/27,TX,自營商,10644,40202009,10730,40521060,-86,-319051,2924,11029540,9379,35382254,-6455,-24352714
2024/02/26,NQF,外資,1376,1241810,1544,1392190,-168,-150380,319,290113,1124,1009577,-805,-719464
2024/02/27,TX,外資,58201,219959967,60541,228772821,-2340,-8812855,39266,148189790,35467,133845216,3799,14344574
2024/02/27,TX,投信,1239,4677066,171,645218,1068,4031849,13653,51526422,8310,31361940,5343,20164482
2024/02/27,TE,自營商,216,840746,196,764383,20,76363,209,812971,419,1629829,-210,-816858
2024/02/27,TE,投信,1,3890,1,3889,0,1,131,509564,12,46678,119,462886
2024/02/27,MTX,投信,0,0,1,944,-1,-944,207,195305,9,8492,198,186813
2024/02/27,MTX,自營商,14875,14046685,15482,14609921,-607,-563235,4003,3772702,4715,4442520,-712,-669818
2024/02/27,MTX,外資,80199,75748297,88612,83683398,-8413,-7935102,5315,5014690,7773,7333834,-2458,-2319144
2024/02/27,NQF,投信,0,0,0,0,0,0,0,0,0,0,0,0
2024/02/27,NQF,自營商,110,98777,62,55771,48,43006,55,49308,145,130041,-90,-80733
2024/02/27,TE,外資,872,3399461,948,3694731,-76,-295270,399,1552037,279,1085254,120,466783
2024/02/27,NQF,外資,1197,1078035,1274,1147436,-77,-69401,306,277757,1188,1065042,-882,-787285
2024/02/29,TX,自營商,8900,33653703,8840,33427784,60,225919,3159,11970772,9528,36117937,-6369,-24147165
2024/02/29,TE,自營商,170,662268,185,720496,-15,-58229,211,822284,452,1761448,-241,-939164
2024/02/29,TE,投信,0,0,0,0,0,0,131,510507,12,46764,119,463743
2024/02/29,TX,外資,46205,174641988,46383,175333296,-178,-691309,38077,144395494,34455,130652791,3622,13742703
2024/02/29,TX,投信,485,1839035,96,363967,389,1475068,13936,52848099,8204,31111209,5732,21736890
2024/02/29,MTX,自營商,14066,13294529,12920,12209356,1146,1085173,4695,4446184,3950,3739373,745,706811
2024/02/29,TE,外資,781,3040335,710,2764116,71,276218,467,1819912,276,1075572,191,744340
2024/02/29,MTX,外資,65685,62060826,58386,55156525,7299,6904301,7501,7111323,2886,2736072,4615,4375251
2024/02/29,NQF,投信,0,0,0,0,0,0,0,0,0,0,0,0
2024/02/29,NQF,外資,1392,1252400,1258,1131328,134,121072,274,248569,1022,916581,-748,-668012
2024/03/01,TX,自營商,7931,30077550,7971,30227771,-40,-150221,2870,10876319,9312,35298380,-6442,-24422061
2024/02/29,NQF,自營商,56,50416,159,142676,-103,-92260,35,31390,228,204526,-193,-173136
2024/02/29,MTX,投信,4,3767,0,0,4,3767,211,200039,9,8532,202,191507
2024/03/01,TX,投信,1633,6192195,34,128933,1599,6063262,15550,58968710,8219,31168092,7331,27800618
2024/03/01,TE,投信,0,0,0,0,0,0,131,511712,12,46874,119,464838
2024/03/01,TE,自營商,183,715429,172,672386,11,43043,222,867185,469,1832010,-247,-964825
2024/03/01,TX,外資,49669,188392094,54784,207769585,-5115,-19377491,34097,129302542,35590,134957204,-1493,-5654662
2024/03/01,MTX,自營商,9724,9220405,9444,8949747,280,270658,5240,4963272,4083,3865133,1157,1098139
2024/03/01,MTX,外資,72556,68805822,77364,73344154,-4808,-4538332,4474,4241576,4667,4424550,-193,-182974
2024/03/01,TE,外資,694,2713256,749,2927451,-55,-214195,478,1867171,342,1335920,136,531251
2024/03/01,MTX,投信,0,0,0,0,0,0,211,200039,9,8532,202,191507
2024/03/01,NQF,自營商,93,83910,38,34211,55,49699,66,59799,204,184882,-138,-125083
2024/03/01,NQF,投信,0,0,0,0,0,0,0,0,0,0,0,0
2024/03/04,TX,自營商,12259,47016220,12461,47808682,-202,-792462,3603,13906207,10205,39395074,-6602,-25488867
2024/03/04,TX,投信,1003,3872264,1326,5120083,-323,-1247820,14951,57743752,7941,30669730,7010,27074022
2024/03/01,NQF,外資,2066,1862037,1768,1590138,298,271899,356,326538,806,730420,-450,-403882
2024/03/04,TE,自營商,200,795865,251,1003358,-51,-207493,256,1026847,571,2290393,-315,-1263546
2024/03/04,TE,投信,0,0,0,0,0,0,131,525467,12,48134,119,477333
2024/03/04,MTX,投信,1,966,0,0,1,966,211,203731,8,7724,203,196007
2024/03/04,TE,外資,1170,4668831,1041,4151524,129,517307,581,2330500,316,1267539,265,1062961
2024/03/04,TX,外資,68524,262647920,63040,241808592,5484,20839328,37873,146272744,33886,130867091,3987,15405653
2024/03/04,MTX,外資,95894,91841839,84471,80942692,11423,10899147,11920,11509268,674,650776,11246,10858492
2024/03/04,MTX,自營商,20156,19318456,15634,14993733,4522,4324723,11320,10922146,5809,5603024,5511,5319122
2024/03/04,NQF,投信,0,0,0,0,0,0,0,0,0,0,0,0
2024/03/04,NQF,自營商,116,105384,263,239716,-147,-134333,35,32121,320,293730,-285,-261609
2024/03/05,TX,自營商,10540,40852126,10046,38920815,494,1931311,4044,15676737,10093,39117427,-6049,-23440690
2024/03/04,NQF,外資,2107,1917278,2092,1906512,15,10765,255,237014,690,633248,-435,-396234
2024/03/05,TX,外資,55959,216863217,56614,219402933,-655,-2539716,36859,142938968,33528,130014355,3331,12924613
2024/03/05,TX,投信,466,1806929,790,3066769,-324,-1259840,14518,56300804,7832,30372496,6686,25928308
2024/03/05,TE,自營商,152,614279,181,730888,-29,-116609,217,877576,558,2256662,-341,-1379086
2024/03/05,TE,投信,11,44508,0,0,11,44508,142,574276,12,48530,130,525746
2024/03/05,TE,外資,829,3348281,915,3696022,-86,-347741,542,2191951,363,1468045,179,723906
2024/03/05,MTX,投信,0,0,0,0,0,0,211,204565,8,7756,203,196809
2024/03/05,MTX,外資,74598,72269855,79996,77499719,-5398,-5229864,7820,7581446,1968,1907974,5852,5673472
2024/03/05,MTX,自營商,14566,14109896,14941,14470689,-375,-360793,11202,10853912,6302,6102939,4900,4750973
2024/03/05,NQF,投信,0,0,0,0,0,0,0,0,0,0,0,0
2024/03/05,NQF,自營商,53,48469,72,65706,-19,-17237,56,50960,360,327649,-304,-276689
2024/03/05,NQF,外資,1146,1049248,1663,1523744,-517,-474496,232,213789,1184,1077588,-952,-863799
2024/03/06,TX,自營商,13111,50845988,12158,47126539,953,3719449,4590,17898615,9646,37608351,-5056,-19709736
2024/03/06,TX,投信,281,1096104,778,3031765,-497,-1935661,13962,54471347,7773,30325582,6189,24145765
2024/03/06,TE,自營商,179,724142,211,853854,-32,-129712,182,741500,555,2261180,-373,-1519680
2024/03/06,TX,外資,57447,222624414,57457,222678355,-10,-53941,36614,142845369,33281,129835225,3333,13010144
2024/03/06,TE,投信,0,0,0,0,0,0,142,578536,12,48890,130,529646
2024/03/06,TE,外資,831,3360504,786,3177486,45,183018,606,2468963,382,1556344,224,912619
2024/03/06,MTX,外資,85993,83287619,81697,79119411,4296,4168208,10853,10585382,779,759794,10074,9825588
2024/03/06,MTX,自營商,18800,18228856,16953,16425160,1847,1803697,13634,13290923,6544,6375281,7090,6915642
2024/03/06,MTX,投信,2,1951,0,0,2,1951,211,205799,6,5852,205,199947
2024/03/06,NQF,自營商,66,59336,55,49438,11,9897,99,89085,392,352791,-293,-263706
2024/03/06,NQF,外資,1588,1429703,2117,1910754,-529,-481051,49,44451,1530,1376919,-1481,-1332468
2024/03/06,NQF,投信,0,0,0,0,0,0,0,0,0,0,0,0
2024/03/07,TX,投信,719,2831921,984,3881336,-265,-1049415,13647,53774639,7723,30431709,5924,23342930
2024/03/07,TX,自營商,14355,56461856,14661,57675826,-306,-1213970,5406,21290957,10763,42384188,-5357,-21093231
2024/03/07,TE,投信,0,0,0,0,0,0,142,588136,12,49702,130,538434
2024/03/07,TE,自營商,365,1508345,377,1559488,-12,-51143,204,844707,609,2522246,-405,-1677539
2024/03/07,TE,外資,1454,6012305,1305,5394592,149,617713,771,3193276,398,1648436,373,1544840
2024/03/07,TX,外資,86506,340336128,86784,341424042,-278,-1087915,35643,140445844,32588,128400864,3055,12044980
2024/03/07,MTX,投信,0,0,0,0,0,0,211,207856,6,5911,205,201945
2024/03/07,MTX,自營商,20889,20540539,21676,21311396,-787,-770857,12904,12704309,6621,6513290,6283,6191019
2024/03/07,MTX,外資,120025,118031817,124985,122895275,-4960,-4863458,7782,7665883,2668,2628230,5114,5037653
2024/03/07,NQF,自營商,100,90396,212,191642,-112,-101247,19,17082,424,381244,-405,-364162
2024/03/07,NQF,外資,2305,2084124,2338,2114307,-33,-30184,59,53559,1573,1415305,-1514,-1361746
2024/03/07,NQF,投信,0,0,0,0,0,0,0,0,0,0,0,0
2024/03/08,TX,自營商,19361,76841770,18248,72430520,1113,4411250,6102,24144806,10316,40809532,-4214,-16664726
2024/03/08,TX,投信,47,186548,1129,4469182,-1082,-4282633,12653,50090696,7811,30922187,4842,19168509
2024/03/08,TX,外資,111407,442259765,116029,460465776,-4622,-18206011,33868,134073438,35434,140264359,-1566,-6190921
2024/03/08,TE,自營商,415,1738016,405,1699697,10,38319,214,893978,622,2598650,-408,-1704672
2024/03/08,TE,投信,1,4224,6,25003,-5,-20779,143,597454,18,75204,125,522250
2024/03/08,TE,外資,1733,7268140,1773,7429266,-40,-161126,837,3496966,504,2105712,333,1391254
2024/03/08,MTX,自營商,28049,27812376,29395,29144643,-1346,-1332267,13032,12890979,8215,8119599,4817,4771380
2024/03/08,MTX,投信,0,0,0,0,0,0,211,208827,6,5938,205,202889
2024/03/08,MTX,外資,161105,159836237,168980,167606803,-7875,-7770566,5557,5499758,8322,8236245,-2765,-2736487
2024/03/08,NQF,自營商,87,79210,78,71103,9,8107,19,17378,415,379629,-396,-362251
2024/03/08,NQF,投信,0,0,0,0,0,0,0,0,0,0,0,0
2024/03/08,NQF,外資,1979,1802729,1609,1465260,370,337468,155,143426,1299,1189378,-1144,-1045952
2024/03/11,TX,自營商,14529,57523320,14549,57600824,-20,-77504,6541,25782948,10821,42642031,-4280,-16859083
2024/03/11,TE,自營商,338,1403415,330,1370460,8,32955,217,897128,635,2625126,-418,-1727998
2024/03/11,TX,投信,0,0,280,1104287,-280,-1104287,12440,49053408,7878,31064530,4562,17988878
2024/03/11,TX,外資,96643,382736230,99334,393313751,-2691,-10577522,31415,123874118,37972,149722497,-6557,-25848379
2024/03/11,TE,外資,1166,4842037,1224,5084948,-58,-242912,818,3381623,543,2244762,275,1136861
2024/03/11,MTX,自營商,21078,20857702,23479,23223188,-2401,-2365486,11673,11502041,9073,8932574,2600,2569467
2024/03/11,TE,投信,1,4132,0,0,1,4132,144,595296,18,74412,126,520884
2024/03/11,MTX,外資,150051,148608115,154378,152863552,-4327,-4255437,5311,5235550,3203,3157482,2108,2078068
2024/03/11,MTX,投信,25,24648,27,26623,-2,-1975,211,208000,8,7886,203,200114
2024/03/11,NQF,自營商,84,76845,66,60465,18,16380,21,18913,399,359390,-378,-340477
2024/03/12,TX,自營商,10908,43229342,10230,40523306,678,2706036,7399,29515170,10998,43861603,-3599,-14346433
2024/03/11,NQF,投信,0,0,0,0,0,0,0,0,0,0,0,0
2024/03/11,NQF,外資,2271,2072633,2430,2217491,-159,-144859,103,93812,1406,1267369,-1303,-1173557
2024/03/12,TX,投信,269,1072993,287,1145129,-18,-72136,12261,48931199,7717,30797004,4544,18134195
2024/03/12,TE,自營商,315,1308216,320,1330697,-5,-22481,255,1068654,711,2979659,-456,-1911005
2024/03/12,TX,外資,64587,255548257,66143,261737027,-1556,-6188769,33196,132473940,41305,164827900,-8109,-32353960
2024/03/12,TE,投信,0,0,0,0,0,0,144,603475,18,75434,126,528041
2024/03/12,TE,外資,1028,4264999,1011,4198694,17,66306,842,3528654,550,2304940,292,1223714
2024/03/12,MTX,自營商,17396,17226077,14196,14051425,3200,3174653,14087,14046883,8299,8270028,5788,5776855
2024/03/12,MTX,投信,40,39889,40,39901,0,-12,211,210489,8,7982,203,202507
2024/03/12,MTX,外資,98323,97224682,93010,91968553,5313,5256130,9052,9031078,1647,1643157,7405,7387921
2024/03/12,NQF,投信,0,0,0,0,0,0,0,0,0,0,0,0
2024/03/12,NQF,自營商,21,18897,11,9917,10,8980,17,15383,385,348436,-368,-333053
2024/03/12,NQF,外資,2056,1855481,2140,1931491,-84,-76010,27,24432,1414,1280586,-1387,-1256154
2024/03/13,TX,自營商,16613,66315122,15596,62242457,1017,4072665,8131,32395705,10648,42409544,-2517,-10013839
2024/03/13,TX,投信,179,713461,168,669761,11,43701,12275,48923240,7720,30768832,4555,18154408
2024/03/13,TX,外資,82179,328015223,83202,332109572,-1023,-4094349,31577,125849019,40709,162238974,-9132,-36389955
2024/03/13,TE,自營商,267,1120227,268,1124638,-1,-4411,265,1107387,735,3071308,-470,-1963921
2024/03/13,TE,外資,1108,4651215,1108,4650541,0,674,835,3489139,543,2268983,292,1220156
2024/03/13,TE,投信,0,0,0,0,0,0,144,601718,18,75215,126,526503
2024/03/13,MTX,投信,55,54826,58,57827,-3,-3001,208,207215,8,7971,200,199244
2024/03/13,MTX,自營商,22996,22944579,24270,24208424,-1274,-1263845,12340,12289567,7898,7858785,4442,4430782
2024/03/13,MTX,外資,125262,125002588,128265,127989732,-3003,-2987144,6179,6156725,1758,1751616,4421,4405109
2024/03/13,NQF,投信,0,0,0,0,0,0,0,0,0,0,0,0
2024/03/13,NQF,自營商,53,48105,49,44610,4,3495,16,14584,380,346457,-364,-331873
2024/03/13,NQF,外資,1949,1768698,1744,1580855,205,187844,93,85616,1275,1163395,-1182,-1077779
2024/03/14,TX,自營商,10807,43003754,10954,43597838,-147,-594084,8500,33888838,11105,44259167,-2605,-10370329
2024/03/14,TX,投信,0,0,152,606211,-152,-606211,12126,48358488,7723,30799324,4403,17559164
2024/03/14,TE,自營商,327,1359463,336,1396332,-9,-36869,308,1283516,787,3279599,-479,-1996083
2024/03/14,TE,外資,949,3945542,920,3825579,29,119963,851,3546291,530,2208617,321,1337674
2024/03/14,TX,外資,67138,267199290,66600,265040512,538,2158777,34695,138363385,43293,172645844,-8598,-34282459
2024/03/14,TE,投信,16,66180,16,66163,0,17,144,600080,18,75010,126,525070
2024/03/14,MTX,投信,6,5982,2,1995,4,3987,212,211364,8,7976,204,203388
2024/03/14,MTX,自營商,15294,15214755,17459,17367616,-2165,-2152861,11890,11848518,9849,9808998,2041,2039520
2024/03/14,MTX,外資,101680,101163475,98666,98146865,3014,3016610,9054,9026838,1603,1598201,7451,7428637
2024/03/14,NQF,自營商,66,59997,28,25348,38,34648,42,38161,368,333790,-326,-295629
2024/03/14,NQF,投信,0,0,0,0,0,0,0,0,0,0,0,0
2024/03/14,NQF,外資,1571,1427018,1682,1528095,-111,-101076,62,56734,1355,1229964,-1293,-1173230
2024/03/15,TX,自營商,15073,59774626,13433,53259225,1640,6515401,11314,44640355,12239,48285288,-925,-3644933
2024/03/15,TX,外資,72969,289389904,76069,301707104,-3100,-12317201,35722,140977090,47420,187116968,-11698,-46139878
2024/03/15,TX,投信,389,1539982,973,3843396,-584,-2303414,11703,46176677,7884,31107710,3819,15068967
2024/03/15,TE,自營商,330,1366378,272,1127109,58,239269,253,1043428,683,2816407,-430,-1772979
2024/03/15,TE,投信,6,24748,0,0,6,24748,150,618571,18,74221,132,544350
2024/03/15,TE,外資,737,3053945,837,3467463,-100,-413518,846,3488496,619,2552429,227,936067
2024/03/15,MTX,投信,0,0,2,1973,-2,-1973,212,209237,10,9864,202,199373
2024/03/15,MTX,自營商,16260,16124076,18143,17990015,-1883,-1865940,11489,11332924,11491,11329898,-2,3026
2024/03/15,NQF,自營商,51,45999,57,51338,-6,-5338,8,7284,7,6373,1,911
2024/03/15,MTX,外資,96787,96003450,104583,103739633,-7796,-7736183,5212,5142429,5557,5481766,-345,-339337
2024/03/15,NQF,投信,0,0,0,0,0,0,0,0,0,0,0,0
2024/03/15,NQF,外資,2520,2288638,2568,2332875,-48,-44237,27,24582,130,118359,-103,-93777
2024/03/18,TX,投信,10419,41344639,10449,41452021,-30,-107383,11707,46653230,7918,31554458,3789,15098772
2024/03/18,TX,外資,86649,343252683,85345,338105746,1304,5146937,36973,147333886,47377,188761901,-10404,-41428015
2024/03/18,TX,自營商,11071,43858957,11935,47297222,-864,-3438265,9350,37235999,11283,44931914,-1933,-7695915
2024/03/18,TE,投信,97,403074,96,398409,1,4665,151,631372,18,75175,133,556197
2024/03/18,TE,外資,832,3452148,857,3555257,-25,-103109,887,3705779,685,2861263,202,844516
2024/03/18,TE,自營商,384,1594260,402,1669299,-18,-75040,284,1186405,734,3066726,-450,-1880321
2024/03/18,MTX,自營商,16934,16773640,15571,15417281,1363,1356359,12166,12112658,10229,10177588,1937,1935070
2024/03/18,MTX,投信,22,21838,27,26799,-5,-4961,210,209236,13,12958,197,196278
2024/03/18,MTX,外資,89595,88655935,83897,83008370,5698,5647566,7882,7851544,2489,2478595,5393,5372949
2024/03/18,NQF,自營商,42,38193,21,19099,21,19094,42,38147,20,18165,22,19982
2024/03/18,NQF,投信,0,0,0,0,0,0,0,0,0,0,0,0
2024/03/18,NQF,外資,2094,1897806,2368,2145892,-274,-248087,11,9991,457,415070,-446,-405079
2024/03/19,TX,投信,9783,38894806,8773,34865770,1010,4029036,12573,50002821,7774,30917025,4799,19085796
2024/03/19,TX,自營商,16474,65433876,16806,66755691,-332,-1321815,8946,35541914,11019,43783360,-2073,-8241446
2024/03/19,TE,投信,46,191691,46,191610,0,80,151,630345,18,75146,133,555199
2024/03/19,TE,自營商,454,1887951,525,2184182,-71,-296231,202,842398,842,3511691,-640,-2669293
2024/03/19,TX,外資,94205,374083160,94771,376355537,-566,-2272377,36846,146511232,47822,190116903,-10976,-43605671
2024/03/19,MTX,投信,62,61638,74,73487,-12,-11849,198,196858,13,12925,185,183933
2024/03/19,MTX,自營商,19912,19764605,20297,20148459,-385,-383854,10301,10229997,9517,9446554,784,783443
2024/03/19,TE,外資,1546,6434929,1539,6405809,7,29119,797,3325034,588,2452067,209,872967
2024/03/19,MTX,外資,93745,93070549,96210,95504976,-2465,-2434427,6626,6586020,3674,3649946,2952,2936074
2024/03/19,NQF,自營商,91,83327,230,209615,-139,-126288,40,36384,157,142807,-117,-106423
2024/03/19,NQF,投信,0,0,0,0,0,0,0,0,0,0,0,0
2024/03/20,TX,自營商,21478,85295680,18174,72179354,3304,13116327,975,3859114,7225,28632453,-6250,-24773339
2024/03/19,NQF,外資,2658,2431039,2651,2422134,7,8905,21,19102,460,418416,-439,-399314
2024/03/20,TX,投信,191,757624,164,650819,27,106805,12670,50256822,7807,30967246,4863,19289576
2024/03/20,TX,外資,75514,299988478,78272,310945232,-2758,-10956754,31381,124475630,36169,143461929,-4788,-18986299
2024/03/20,TE,投信,8,33379,8,33334,0,45,151,629700,18,75064,133,554636
2024/03/20,TE,自營商,401,1671596,412,1718817,-11,-47221,63,262723,386,1609697,-323,-1346974
2024/03/20,TE,外資,1072,4477066,1137,4747627,-65,-270560,620,2585524,353,1472081,267,1113443
2024/03/20,MTX,自營商,27440,27243818,27361,27154929,79,88889,3316,3282215,7835,7758319,-4519,-4476104
2024/03/20,MTX,投信,4,3977,6,5958,-2,-1980,198,196347,15,14875,183,181472
2024/03/20,MTX,外資,103026,102312191,105961,105210927,-2935,-2898736,5392,5346992,1789,1774042,3603,3572950
2024/03/20,NQF,自營商,28,25541,21,19171,7,6370,30,27381,140,127778,-110,-100397
2024/03/21,TX,自營商,10080,40513403,10127,40674980,-47,-161577,1773,7175716,8062,32641724,-6289,-25466008
2024/03/20,NQF,外資,2252,2047202,2007,1823659,245,223542,16,14603,210,191698,-194,-177095
2024/03/20,NQF,投信,0,0,0,0,0,0,0,0,0,0,0,0
2024/03/21,TX,外資,73898,296326117,66649,267364463,7249,28961654,35218,142703061,31086,125954539,4132,16748522
2024/03/21,TE,自營商,188,796455,218,924519,-30,-128064,100,426714,462,1971446,-362,-1544732
2024/03/21,TE,投信,0,0,0,0,0,0,151,644347,18,76810,133,567537
2024/03/21,TE,外資,986,4171604,967,4093075,19,78529,653,2786482,367,1566062,286,1220420
2024/03/21,TX,投信,356,1442053,222,887549,134,554504,12702,51468504,7705,31220660,4997,20247844
2024/03/21,MTX,自營商,14920,14959274,11287,11326414,3633,3632860,7190,7274122,8108,8202828,-918,-928706
2024/03/21,MTX,投信,2,2026,0,0,2,2026,198,200574,13,13169,185,187405
2024/03/21,MTX,外資,95431,95632439,80547,80750931,14884,14881508,12134,12291739,331,335301,11803,11956438
2024/03/21,NQF,自營商,66,60910,9,8302,57,52608,87,80980,140,130312,-53,-49332
2024/03/22,TX,投信,296,1197238,52,210494,244,986744,12852,52024896,7611,30809328,5241,21215568
2024/03/22,TX,自營商,9419,38086144,8679,35092622,740,2993522,2358,9539136,7891,31920952,-5533,-22381816
2024/03/21,NQF,投信,0,0,0,0,0,0,0,0,0,0,0,0
2024/03/22,TX,外資,64884,262430796,73035,295415350,-8151,-32984554,27557,111552207,32999,133575431,-5442,-22023224
2024/03/21,NQF,外資,2075,1904859,1953,1793346,122,111513,49,45609,121,112770,-72,-67161
2024/03/22,TE,自營商,161,686264,129,549762,32,136502,115,491317,457,1952487,-342,-1461170
2024/03/22,MTX,自營商,12998,13144950,14748,14905944,-1750,-1760994,5310,5367623,8042,8128317,-2732,-2760694
2024/03/22,TE,外資,829,3532530,972,4141908,-143,-609379,603,2576257,460,1965304,143,610953
2024/03/22,TE,投信,0,0,2,8541,-2,-8541,149,636588,18,76903,131,559685
2024/03/22,MTX,投信,0,0,4,4045,-4,-4045,194,196328,13,13156,181,183172
2024/03/22,MTX,外資,95103,96168577,111495,112766005,-16392,-16597428,3120,3157811,2001,2025024,1119,1132787
2024/03/22,NQF,投信,0,0,0,0,0,0,0,0,0,0,0,0
2024/03/22,NQF,自營商,151,140786,194,180591,-43,-39805,44,40885,140,130088,-96,-89203
2024/03/25,TX,自營商,6264,25358610,6964,28193635,-700,-2835025,1979,8002352,8257,33387729,-6278,-25385377
2024/03/25,TX,外資,47737,193236376,47481,192203732,256,1032645,27927,112989187,33113,133964618,-5186,-20975431
2024/03/25,TX,投信,9,36422,74,299387,-65,-262965,12784,51721507,7608,30780446,5176,20941061
2024/03/25,TE,自營商,91,388863,104,443960,-13,-55096,118,502746,478,2036471,-360,-1533725
2024/03/22,NQF,外資,1860,1734025,2245,2091456,-385,-357431,17,15796,474,440673,-457,-424877
2024/03/25,TE,投信,0,0,0,0,0,0,149,634800,18,76687,131,558113
2024/03/25,TE,外資,471,2010982,468,1998531,3,12451,651,2773520,505,2151502,146,622018
2024/03/25,MTX,外資,75836,76746346,73514,74390711,2322,2355636,5328,5389520,1887,1908617,3441,3480903
2024/03/25,MTX,投信,0,0,0,0,0,0,194,196221,13,13149,181,183072
2024/03/25,MTX,自營商,8154,8254013,9373,9484690,-1219,-1230677,4983,5033447,8754,8843402,-3771,-3809955
2024/03/25,NQF,自營商,57,52965,6,5573,51,47392,72,66784,117,108523,-45,-41739
2024/03/25,NQF,投信,0,0,0,0,0,0,0,0,0,0,0,0
2024/03/25,NQF,外資,1441,1337078,1411,1309077,30,28001,11,10203,438,406577,-427,-396374
2024/03/26,TX,自營商,16504,66794569,16524,66891683,-20,-97114,1977,7977052,8278,33402372,-6301,-25425320
2024/03/26,TX,投信,49,197798,633,2555842,-584,-2358044,12406,50083022,7814,31545118,4592,18537904
2024/03/26,TE,外資,1398,5933391,1458,6189717,-60,-256326,628,2658952,542,2294828,86,364124
2024/03/26,TX,外資,87254,353086092,88564,358351160,-1310,-5265068,28565,115319317,35041,141457192,-6476,-26137875
2024/03/26,MTX,自營商,25391,25692469,26091,26391064,-700,-698596,4410,4443765,8869,8940201,-4459,-4496436
2024/03/26,TE,投信,0,0,0,0,0,0,149,630866,18,76212,131,554654
2024/03/26,TE,自營商,391,1659912,272,1153862,119,506050,104,440372,416,1761344,-312,-1320972
2024/03/26,MTX,投信,2,2019,0,0,2,2019,196,197813,13,13120,183,184693
2024/03/26,MTX,外資,140392,142074663,141242,142889948,-850,-815285,5867,5921827,3356,3387054,2511,2534773
2024/03/26,NQF,外資,1143,1058538,1098,1016380,45,42158,16,14840,398,369460,-382,-354620
2024/03/26,NQF,自營商,34,31529,34,31504,0,26,72,66780,117,108518,-45,-41738
2024/03/26,NQF,投信,0,0,0,0,0,0,0,0,0,0,0,0
2024/03/27,TX,自營商,8485,34297690,9641,38976604,-1156,-4678914,2082,8431476,9530,38597252,-7448,-30165776
2024/03/27,TX,投信,353,1430021,103,417103,250,1012918,12550,50847580,7708,31229733,4842,19617847
2024/03/27,TE,自營商,103,436787,143,606436,-40,-169649,99,420432,469,1991562,-370,-1571130
2024/03/27,TX,外資,53167,214826750,50043,202212605,3124,12614145,30377,123077863,33717,136604659,-3340,-13526796
2024/03/27,MTX,自營商,16328,16505304,13348,13480951,2980,3024353,5906,5976686,6758,6835167,-852,-858481
2024/03/27,TE,投信,0,0,0,0,0,0,149,632714,18,76435,131,556279
2024/03/27,TE,外資,596,2526046,615,2606628,-19,-80583,631,2679478,564,2394970,67,284508
2024/03/27,MTX,投信,12,12151,0,0,12,12151,205,207645,10,10129,195,197516
2024/03/27,MTX,外資,75556,76318578,73099,73831147,2457,2487431,7149,7241995,2127,2154453,5022,5087542
2024/03/27,NQF,自營商,73,67834,93,86359,-20,-18524,38,35190,103,95383,-65,-60193
2024/03/27,NQF,投信,0,0,0,0,0,0,0,0,0,0,0,0
2024/03/27,NQF,外資,1260,1169989,1438,1334644,-178,-164656,28,25929,588,544801,-560,-518872
2024/03/28,TX,投信,188,761107,32,128806,156,632301,12578,50820151,7580,30626232,4998,20193919
2024/03/28,TE,自營商,152,643212,187,791155,-35,-147943,88,373191,513,2175120,-425,-1801929
2024/03/28,TE,外資,792,3352059,765,3237130,27,114929,695,2946800,601,2548240,94,398560
2024/03/28,TE,投信,0,0,0,0,0,0,149,631760,18,76320,131,555440
2024/03/28,TX,自營商,10119,40884981,8606,34771858,1513,6113123,2494,10073645,8421,34011563,-5927,-23937918
2024/03/28,MTX,自營商,13835,13974870,13185,13313608,650,661262,5020,5065253,5254,5297069,-234,-231816
2024/03/28,TX,外資,61920,250212600,64318,259929746,-2398,-9717146,31614,127736432,37343,150878126,-5729,-23141694
2024/03/28,MTX,外資,89895,90813210,96976,97968230,-7081,-7155020,5890,5950393,7985,8065666,-2095,-2115273
2024/03/28,MTX,投信,8,8082,0,0,8,8082,213,215151,10,10101,203,205050
2024/03/28,NQF,投信,0,0,0,0,0,0,0,0,0,0,0,0
2024/03/28,NQF,自營商,26,24029,60,55252,-34,-31223,17,15731,116,107341,-99,-91610
2024/03/28,NQF,外資,1469,1356695,1508,1392826,-39,-36132,21,19432,620,574167,-599,-554735
2024/03/29,TX,投信,1335,5413005,14,56778,1321,5356227,13882,56299839,7563,30672503,6319,25627336
2024/03/29,TX,外資,53476,216515192,48501,196358618,4975,20156574,33086,134187490,33840,137239156,-754,-3051666
2024/03/29,TX,自營商,7223,29253473,8586,34775944,-1363,-5522471,2574,10436826,9791,39695993,-7217,-29259167
2024/03/29,TE,自營商,86,365872,127,540525,-41,-174654,98,417624,559,2381675,-461,-1964051
2024/03/29,TE,外資,452,1922654,378,1607636,74,315018,726,3093196,558,2377415,168,715781
2024/03/29,TE,投信,0,0,0,0,0,0,149,634829,18,76691,131,558138
2024/03/29,MTX,投信,0,0,0,0,0,0,213,215961,10,10139,203,205822
2024/03/29,MTX,自營商,12708,12870525,11231,11366041,1477,1504484,7920,8026651,6969,7055499,951,971152
2024/03/29,MTX,外資,75901,76816867,70826,71673182,5075,5143685,7094,7193665,4114,4171185,2980,3022480
2024/03/29,NQF,外資,1033,955444,1250,1156029,-217,-200585,21,19416,837,774428,-816,-755012
2024/03/29,NQF,投信,0,0,0,0,0,0,0,0,0,0,0,0
2024/04/01,TX,自營商,8629,35077010,7355,29905354,1274,5171656,2613,10603653,8543,34661973,-5930,-24058320
2024/04/01,TX,投信,617,2503609,26,105594,591,2398015,14499,58845641,7589,30800715,6910,28044926
2024/04/01,TX,外資,43644,177409435,47213,191899361,-3569,-14489926,31147,126417568,35470,143956612,-4323,-17539044
2024/04/01,TE,外資,626,2668409,631,2690202,-5,-21793,722,3067345,559,2374856,163,692489
2024/04/01,TE,自營商,155,660162,181,770191,-26,-110028,86,365445,592,2515053,-506,-2149608
2024/04/01,TE,投信,0,0,0,0,0,0,149,633012,18,76471,131,556541
2024/03/29,NQF,自營商,27,24964,1,924,26,24040,44,40680,117,108172,-73,-67492
2024/04/01,MTX,自營商,13598,13819005,11734,11925179,1864,1893826,9488,9623451,6725,6813586,2763,2809865
2024/04/01,MTX,投信,0,0,11,11162,-11,-11162,202,204959,10,10147,192,194812
2024/04/01,MTX,外資,70413,71568950,75287,76511555,-4874,-4942605,5925,6012794,7819,7933536,-1894,-1920742
2024/04/01,NQF,外資,167,155210,102,94741,65,60469,11,10222,762,708705,-751,-698483
2024/04/01,NQF,自營商,38,35309,5,4648,33,30661,49,45536,89,82708,-40,-37172
2024/04/01,NQF,投信,0,0,0,0,0,0,0,0,0,0,0,0
2024/04/02,TX,投信,1109,4549525,65,266110,1044,4283415,15403,63216993,7449,30572186,7954,32644807
2024/04/02,TX,自營商,10149,41449360,12862,52536754,-2713,-11087393,3236,13279745,11858,48654673,-8622,-35374928
2024/04/02,TE,自營商,194,834111,196,842498,-2,-8387,110,475255,630,2721348,-520,-2246093
2024/04/02,TX,外資,65089,265745873,58188,237559490,6901,28186384,36527,149918152,33215,136319381,3312,13598771
2024/04/02,MTX,自營商,16690,17035453,15159,15465215,1531,1570238,13989,14348789,9779,10020650,4210,4328139
2024/04/02,TE,投信,0,0,0,0,0,0,149,643620,18,77753,131,565867
2024/04/02,TE,外資,855,3673373,811,3486522,44,186851,678,2928689,471,2034532,207,894157
2024/04/02,MTX,投信,9,9234,0,0,9,9234,209,214444,8,8208,201,206236
2024/04/02,MTX,外資,94368,96301060,77933,79512769,16435,16788291,14000,14365552,2395,2457344,11605,11908208
2024/04/02,NQF,自營商,28,25882,258,239000,-230,-213117,30,27720,300,277200,-270,-249480
2024/04/02,NQF,投信,0,0,0,0,0,0,0,0,0,0,0,0
2024/04/03,TX,自營商,14049,57293700,12181,49683846,1868,7609853,2283,9291633,9055,36845504,-6772,-27553871
2024/04/02,NQF,外資,1468,1359725,2337,2164215,-869,-804490,20,18480,1640,1516469,-1620,-1497989
2024/04/03,TX,投信,166,675856,390,1588355,-224,-912498,15474,62982275,7744,31519629,7730,31462646
2024/04/03,TX,外資,64390,262635731,73429,299519505,-9039,-36883775,29520,120156296,36986,150539882,-7466,-30383586
2024/04/03,MTX,自營商,17843,18188130,19747,20129428,-1904,-1941298,12101,12313015,9509,9668801,2592,2644214
2024/04/03,TE,自營商,169,724683,185,793030,-16,-68347,109,467073,660,2827572,-551,-2360499
2024/04/03,TE,外資,670,2874755,671,2878516,-1,-3761,694,2973235,488,2090690,206,882545
2024/04/03,MTX,投信,7,7122,1,1018,6,6104,216,219791,9,9158,207,210633
2024/04/03,TE,投信,0,0,0,0,0,0,149,638346,18,77116,131,561230
2024/04/03,MTX,外資,90860,92648572,111408,113618826,-20548,-20970254,4947,5034443,6792,6911169,-1845,-1876726
2024/04/03,NQF,外資,1448,1326857,1737,1593235,-289,-266378,10,9150,1919,1757002,-1909,-1747852
2024/04/03,NQF,自營商,20,18397,3,2747,17,15650,48,43920,301,275415,-253,-231495
2024/04/03,NQF,投信,0,0,0,0,0,0,0,0,0,0,0,0
2024/04/08,TX,投信,320,1310320,48,196462,272,1113857,15555,63610617,7553,30887310,8002,32723307
2024/04/08,TX,外資,57470,234976003,55835,228273867,1635,6702136,30242,123678395,36096,147612143,-5854,-23933748
2024/04/08,TX,自營商,8523,34849206,9151,37419740,-628,-2570533,2613,10686713,10089,41249652,-7476,-30562939
2024/04/08,TE,外資,693,2983551,771,3319687,-78,-336136,618,2658389,490,2107784,128,550605
2024/04/08,MTX,自營商,12580,12860009,12219,12487644,361,372364,11574,11833894,8317,8494681,3257,3339213
2024/04/08,TE,自營商,145,624285,115,495013,30,129272,136,585084,659,2834754,-523,-2249670
2024/04/08,TE,投信,0,0,0,0,0,0,149,640938,18,77429,131,563509
2024/04/08,MTX,投信,3,3067,0,0,3,3067,219,223895,9,9201,210,214694
2024/04/08,MTX,外資,85371,87265327,77631,79343612,7740,7921715,10170,10398333,4183,4276507,5987,6121826
2024/04/08,NQF,自營商,49,45106,83,76472,-34,-31366,20,18307,307,281012,-287,-262705
2024/04/08,NQF,外資,1472,1353217,1397,1282563,75,70654,11,10069,1845,1689893,-1834,-1679824
2024/04/09,TX,投信,390,1627676,31,129028,359,1498647,15608,65144670,7247,30247661,8361,34897009
2024/04/08,NQF,投信,0,0,0,0,0,0,0,0,0,0,0,0
2024/04/09,TX,外資,77325,319415896,68153,281693970,9172,37721926,37704,157381340,32540,135817390,5164,21563950
2024/04/09,TX,自營商,12532,51868341,14345,59297073,-1813,-7428732,3013,12576019,12271,51206933,-9258,-38630914
2024/04/09,TE,外資,947,4126628,829,3613827,118,512801,672,2956531,426,1874230,246,1082301
2024/04/09,TE,自營商,220,960494,242,1055851,-22,-95356,157,690762,703,3092921,-546,-2402159
2024/04/09,TE,投信,1,4399,0,0,1,4399,150,659940,18,79193,132,580747
2024/04/09,MTX,外資,104979,108414992,91572,94583814,13407,13831178,13151,13724351,1141,1190568,12010,12533783
2024/04/09,MTX,投信,16,16709,15,15649,1,1061,219,228532,8,8348,211,220184
2024/04/09,MTX,自營商,20023,20679704,16130,16671516,3893,4008188,17919,18699631,10893,11356692,7026,7342939
2024/04/09,NQF,自營商,44,40371,24,22002,20,18369,40,36676,307,281488,-267,-244812
2024/04/09,NQF,外資,1145,1049188,1380,1264155,-235,-214967,1,917,2070,1898960,-2069,-1898043
2024/04/09,NQF,投信,0,0,0,0,0,0,0,0,0,0,0,0
2024/04/10,TX,投信,4,16679,59,246020,-55,-229340,15554,64853958,7248,30221429,8306,34632529
2024/04/10,TX,自營商,11227,46782095,9171,38215435,2056,8566660,2777,11579808,9991,41651909,-7214,-30072101
2024/04/10,TX,外資,57810,240896643,64685,269519213,-6875,-28622570,35077,146275533,36787,153390214,-1710,-7114681
2024/04/10,TE,投信,26,114302,0,0,26,114302,176,773163,18,79063,158,694100
2024/04/10,TE,外資,583,2558661,706,3098102,-123,-539441,601,2639832,478,2099567,123,540265
2024/04/10,TE,自營商,168,737263,125,548882,43,188381,138,606307,663,2912186,-525,-2305879
2024/04/10,MTX,自營商,13150,13700093,13035,13579210,115,120883,15628,16295312,8268,8611000,7360,7684312
2024/04/10,MTX,投信,4,4170,0,0,4,4170,223,232479,8,8339,215,224140
2024/04/10,MTX,外資,76928,80139764,88120,91783540,-11192,-11643776,6844,7136459,6026,6281532,818,854927
2024/04/10,NQF,自營商,55,50421,56,51420,-1,-999,35,32186,303,278639,-268,-246453
2024/04/10,NQF,投信,0,0,0,0,0,0,0,0,0,0,0,0
2024/04/10,NQF,外資,1752,1604220,1485,1358769,267,245451,18,16553,1820,1674493,-1802,-1657940
2024/04/11,TX,投信,373,1548851,128,531152,245,1017700,15920,66075072,7369,30584643,8551,35490429
2024/04/11,TX,外資,67720,280741111,76706,317975835,-8986,-37234724,31607,131208248,44571,184996434,-12964,-53788186
2024/04/11,TX,自營商,10987,45547500,9793,40615524,1194,4931976,3211,13329710,9199,38177985,-5988,-24848275
2024/04/11,TE,自營商,250,1090587,167,728645,83,361943,163,713573,624,2731279,-461,-2017706
2024/04/11,TE,投信,51,223073,0,0,51,223073,227,993661,18,78786,209,914875
2024/04/11,TE,外資,867,3781685,1009,4402049,-142,-620364,530,2319810,549,2402973,-19,-83163
2024/04/11,MTX,自營商,13892,14403380,17705,18355911,-3813,-3952530,12077,12533191,8658,8978174,3419,3555017
2024/04/11,MTX,投信,51,52986,51,52907,0,79,224,232530,9,9338,215,223192
2024/04/11,MTX,外資,101080,104776117,112958,117079462,-11878,-12303344,5935,6160473,7923,8220949,-1988,-2060476
2024/04/11,NQF,自營商,56,50935,61,55343,-5,-4408,28,25500,301,274121,-273,-248621
2024/04/11,NQF,外資,2401,2184567,2571,2338393,-170,-153826,35,31875,2007,1828622,-1972,-1796747
2024/04/11,NQF,投信,0,0,0,0,0,0,0,0,0,0,0,0
2024/04/12,TX,自營商,11501,47686997,10608,44019227,893,3667769,4275,17749836,9368,38907425,-5093,-21157589
2024/04/12,TX,外資,74926,310710527,73971,306689419,955,4021108,31789,132030160,43798,181836463,-12009,-49806303
2024/04/12,TX,投信,1789,7443433,1607,6672732,182,770701,16074,66735412,7341,30469867,8733,36265545
2024/04/12,TE,外資,986,4314340,1004,4391965,-18,-77625,560,2449724,597,2611406,-37,-161682
2024/04/12,TE,自營商,166,726235,162,709090,4,17146,213,932031,673,2943983,-460,-2011952
2024/04/12,TE,投信,10,43786,0,0,10,43786,237,1036978,18,78736,219,958242
2024/04/12,MTX,外資,96705,100219437,96485,99961536,220,257901,5832,6057315,7600,7886226,-1768,-1828911
2024/04/12,MTX,投信,58,60317,49,50840,9,9476,233,242084,9,9339,224,232745
2024/04/12,MTX,自營商,15014,15571632,14800,15343438,214,228193,11223,11651311,7598,7882516,3625,3768795
2024/04/12,NQF,自營商,35,32121,36,33131,-1,-1010,24,22198,298,275620,-274,-253422
2024/04/15,TX,自營商,16656,68540355,15948,65590886,708,2949469,4252,17458547,8685,35638240,-4433,-18179693
2024/04/12,NQF,投信,0,0,0,0,0,0,0,0,0,0,0,0
2024/04/15,TX,外資,98949,406936833,103854,427243985,-4905,-20307153,30125,123669144,47928,196715806,-17803,-73046662
2024/04/15,TE,自營商,492,2118764,452,1948645,40,170119,358,1539774,803,3455282,-445,-1915508
2024/04/12,NQF,外資,2370,2167973,1871,1710189,499,457784,96,88790,1569,1451846,-1473,-1363056
2024/04/15,TX,投信,12181,50073504,12087,49653949,94,419555,16344,67110888,7517,30865664,8827,36245224
2024/04/15,TE,投信,73,314814,73,314026,0,788,237,1020194,18,77386,219,942808
2024/04/15,MTX,投信,30,30807,32,32832,-2,-2025,233,239191,11,11301,222,227890
2024/04/15,MTX,自營商,16359,16836224,22312,22983681,-5953,-6147457,10762,11034378,12898,13230836,-2136,-2196458
2024/04/15,TE,外資,1338,5765800,1417,6107256,-79,-341455,550,2367056,666,2864263,-116,-497207
2024/04/15,MTX,外資,113132,116367816,122666,126217399,-9534,-9849583,3813,3911243,11559,11852963,-7746,-7941720
2024/04/15,NQF,自營商,32,29225,29,26680,3,2544,27,24648,298,272044,-271,-247396
2024/04/15,NQF,投信,0,0,0,0,0,0,0,0,0,0,0,0
2024/04/16,TX,自營商,26904,108271835,25993,104619230,911,3652605,5707,22794452,9017,35993916,-3310,-13199464
2024/04/15,NQF,外資,1930,1765174,2283,2088739,-353,-323565,0,0,1826,1667389,-1826,-1667389
2024/04/16,TX,投信,9234,36850842,8855,35335770,379,1515072,17167,68596686,7961,31814843,9206,36781843
2024/04/16,TX,外資,146955,591573309,147546,594147078,-591,-2573769,32980,131734150,51366,205185816,-18386,-73451666
2024/04/16,TE,自營商,587,2459645,598,2507466,-11,-47821,328,1371671,859,3594226,-531,-2222555
2024/04/16,TE,投信,51,213894,123,514323,-72,-300429,165,690882,18,75258,147,615624
2024/04/16,TE,外資,1986,8323520,1850,7757409,136,566111,598,2503493,578,2418373,20,85120
2024/04/16,MTX,自營商,31387,31560029,37338,37557235,-5951,-5997206,9241,9215355,18176,18139949,-8935,-8924594
2024/04/16,MTX,投信,92,91885,88,87720,4,4165,237,236780,11,10990,226,225790
2024/04/16,MTX,外資,174277,175654244,176876,178306540,-2599,-2652296,4897,4885122,15274,15239465,-10377,-10354343
2024/04/16,NQF,自營商,217,194317,201,180869,16,13448,13,11622,268,239592,-255,-227970
2024/04/16,NQF,外資,2506,2267115,2616,2366371,-110,-99256,9,8046,1945,1739201,-1936,-1731155
2024/04/17,TX,自營商,20932,84046303,21468,86203167,-536,-2156865,4119,16620731,6769,27303268,-2650,-10682537
2024/04/16,NQF,投信,0,0,0,0,0,0,0,0,0,0,0,0
2024/04/17,TX,投信,1244,5022884,217,877991,1027,4144892,16880,68158064,7812,31543294,9068,36614770
2024/04/17,TE,自營商,324,1365784,376,1583817,-52,-218034,24,101696,357,1512680,-333,-1410984
2024/04/17,TX,外資,104069,417277259,101789,408234665,2280,9042593,24880,100460414,42832,172936009,-17952,-72475595
2024/04/17,TE,投信,2,8416,42,177983,-40,-169567,125,529650,0,0,125,529650
2024/04/17,MTX,自營商,26564,26668222,22934,23019798,3630,3648424,2694,2711537,14223,14336447,-11529,-11624910
2024/04/17,TE,外資,1329,5598873,1290,5434974,39,163899,493,2088940,346,1466071,147,622869
2024/04/17,MTX,投信,45,45374,4,4001,41,41373,276,278608,9,9085,267,269523
2024/04/17,MTX,外資,148357,148630301,135308,135535716,13049,13094585,8294,8372311,1664,1679715,6630,6692596
2024/04/17,NQF,自營商,93,83321,158,141527,-65,-58206,2,1790,322,288206,-320,-286416
2024/04/18,TX,自營商,10322,41674629,9991,40333083,331,1341546,4825,19628190,7153,29086298,-2328,-9458108
2024/04/17,NQF,投信,0,0,0,0,0,0,0,0,0,0,0,0
2024/04/17,NQF,外資,1930,1727883,1846,1651537,84,76346,15,13426,1867,1671137,-1852,-1657711
2024/04/18,TX,外資,89931,362601123,87395,352346926,2536,10254197,24891,101321214,39591,161146304,-14700,-59825090
2024/04/18,TX,投信,335,1362453,289,1175536,46,186918,16823,68479704,7709,31380255,9114,37099449
2024/04/18,TE,自營商,245,1035285,225,951894,20,83390,50,213399,386,1647447,-336,-1434048
2024/04/18,TE,投信,52,221324,1,4267,51,217057,176,751168,0,0,176,751168
2024/04/18,TE,外資,1399,5919705,1468,6210819,-69,-291115,459,1959012,381,1626108,78,332904
2024/04/18,MTX,外資,140319,141361589,137567,138556660,2752,2804929,7118,7243627,600,610580,6518,6633047
2024/04/18,MTX,自營商,15523,15669041,12905,13019583,2618,2649458,5173,5255333,14048,14273689,-8875,-9018356
2024/04/18,MTX,投信,79,80364,0,0,79,80364,353,359230,7,7124,346,352106
2024/04/18,NQF,自營商,306,271546,342,303345,-36,-31799,0,0,356,316270,-356,-316270
2024/04/18,NQF,外資,2098,1868333,2388,2127240,-290,-258908,25,22210,2167,1926108,-2142,-1903898
2024/04/19,TX,投信,1330,5204957,645,2524989,685,2679968,18038,70561048,8239,32229320,9799,38331728
2024/04/18,NQF,投信,0,0,0,0,0,0,0,0,0,0,0,0
2024/04/19,TX,自營商,27068,106699529,26339,103843926,729,2855603,5228,20435485,6666,26038105,-1438,-5602620
2024/04/19,TX,外資,170784,674936988,173531,686330550,-2747,-11393562,21289,83277609,41066,160623583,-19777,-77345974
2024/04/19,TE,自營商,446,1818324,377,1536251,69,282073,70,283106,366,1480248,-296,-1197142
2024/04/19,MTX,自營商,38799,38269733,44539,44024925,-5740,-5755193,3345,3264782,18604,18160624,-15259,-14895842
2024/04/19,TE,外資,2683,10917031,2799,11411612,-116,-494581,443,1791669,481,1945356,-38,-153687
2024/04/19,TE,投信,6,24281,0,0,6,24281,182,736081,0,0,182,736081
2024/04/19,MTX,外資,280738,277743587,300583,297661172,-19845,-19917585,1459,1426803,5466,5345236,-4007,-3918433
2024/04/19,MTX,投信,0,0,10,9785,-10,-9785,348,340327,12,11735,336,328592
2024/04/19,NQF,投信,0,0,0,0,0,0,0,0,0,0,0,0
2024/04/22,TX,投信,487,1902128,122,476568,365,1425560,18246,71261578,8082,31565059,10164,39696519
2024/04/19,NQF,外資,2351,2061784,2396,2102778,-45,-40993,12,10432,2199,1912635,-2187,-1902203
2024/04/22,TX,外資,111699,437894460,109061,427538140,2638,10356320,19216,75049268,35616,139083977,-16400,-64034709
2024/04/22,TE,外資,1467,5913652,1482,5967069,-15,-53417,390,1559376,443,1771291,-53,-211915
2024/04/22,TE,投信,10,39960,2,8020,8,31940,190,759696,0,0,190,759696
2024/04/22,TE,自營商,247,990618,258,1035872,-11,-45254,74,295886,413,1651348,-339,-1355462
2024/04/22,TX,自營商,11177,43792061,12616,49400741,-1439,-5608680,4297,16767857,7152,27896179,-2855,-11128322
2024/04/22,MTX,自營商,15106,14793964,15170,14859993,-64,-66030,3183,3101474,18594,18125054,-15411,-15023580
2024/04/22,MTX,投信,0,0,42,40996,-42,-40996,306,298778,12,11717,294,287061
2024/04/19,NQF,自營商,143,125370,292,254432,-149,-129061,0,0,505,438997,-505,-438997
2024/04/22,MTX,外資,198255,194370940,190627,186843784,7628,7527157,4777,4664220,4112,4014762,665,649458
2024/04/22,NQF,自營商,72,62458,150,130803,-78,-68345,0,0,583,503916,-583,-503916
2024/04/22,NQF,投信,0,0,0,0,0,0,0,0,0,0,0,0
2024/04/22,NQF,外資,2156,1872191,2223,1929738,-67,-57548,0,0,2254,1949943,-2254,-1949943
2024/04/23,TX,自營商,6561,25775775,8597,33782563,-2036,-8006788,3486,13706995,8555,33633887,-5069,-19926892
2024/04/23,TX,投信,535,2105027,0,0,535,2105027,18626,73311936,7917,31161312,10709,42150624
2024/04/23,TE,自營商,111,448174,153,617385,-42,-169211,67,270428,467,1884910,-400,-1614482
2024/04/23,TX,外資,75861,297954803,71966,282619890,3895,15334913,22071,86870283,34576,136071750,-12505,-49201467
2024/04/23,MTX,自營商,7662,7521583,9270,9099812,-1608,-1578229,3043,2986339,19350,19009805,-16307,-16023466
2024/04/23,TE,投信,5,20238,0,0,5,20238,195,787059,0,0,195,787059
2024/04/23,TE,外資,684,2760149,646,2607422,38,152727,424,1711349,439,1771892,-15,-60543
2024/04/23,MTX,投信,2,1968,25,24589,-23,-22621,281,276504,10,9840,271,266664
2024/04/23,MTX,外資,129374,127001410,121133,118887158,8241,8114251,10604,10434104,1698,1670572,8906,8763532
2024/04/23,NQF,自營商,81,70079,47,40667,34,29412,0,0,549,475983,-549,-475983
2024/04/23,NQF,投信,0,0,0,0,0,0,0,0,0,0,0,0
2024/04/23,NQF,外資,1506,1303760,1398,1209458,108,94303,1,867,2147,1863506,-2146,-1862639
2024/04/24,TX,自營商,10904,43709989,9455,37866734,1449,5843255,4259,17163069,7851,31624144,-3592,-14461075
2024/04/24,TX,投信,683,2753549,16,64126,667,2689423,18865,76101410,7489,30210626,11376,45890784
2024/04/24,TX,外資,67136,268295026,68571,274084591,-1435,-5789565,23526,94900732,36859,148666230,-13333,-53765498
2024/04/24,TE,自營商,153,635234,208,863598,-55,-228363,63,263480,514,2149737,-451,-1886257
2024/04/24,TE,外資,1165,4829904,1144,4740901,21,89003,410,1714784,404,1689690,6,25094
2024/04/24,MTX,自營商,13702,13718922,9147,9152254,4555,4566668,3005,3020318,14411,14501793,-11406,-11481475
2024/04/24,MTX,投信,31,31243,0,0,31,31243,311,313644,9,9077,302,304567
2024/04/24,TE,投信,8,33423,0,0,8,33423,203,849027,0,0,203,849027
2024/04/24,MTX,外資,116640,116459195,109153,109004646,7487,7454549,15119,15246819,1267,1277351,13852,13969468
2024/04/24,NQF,自營商,26,22905,38,33596,-12,-10692,0,0,561,497747,-561,-497747
2024/04/24,NQF,外資,1670,1464601,1313,1153126,357,311475,1,887,1790,1590158,-1789,-1589271
2024/04/25,TX,自營商,7958,31745097,7677,30615005,281,1130091,4189,16636838,7465,29633073,-3276,-12996235
2024/04/24,NQF,投信,0,0,0,0,0,0,0,0,0,0,0,0
2024/04/25,TX,外資,75573,301683310,79417,317002165,-3844,-15318855,20704,82316535,37864,150520382,-17160,-68203847
2024/04/25,TX,投信,309,1234538,339,1347454,-30,-112916,18952,75353152,7606,30241456,11346,45111696
2024/04/25,TE,自營商,167,687562,130,535631,37,151931,71,291872,496,2039315,-425,-1747443
2024/04/25,TE,外資,675,2782916,698,2880038,-23,-97122,409,1681644,426,1751542,-17,-69898
2024/04/25,TE,投信,0,0,0,0,0,0,203,834655,0,0,203,834655
2024/04/25,MTX,投信,0,0,80,79499,-80,-79499,234,232596,12,11928,222,220668
2024/04/25,MTX,自營商,9844,9816459,11298,11260812,-1454,-1444353,2577,2552296,15577,15447477,-13000,-12895181
2024/04/25,MTX,外資,136569,136325237,150624,150379814,-14055,-14054577,8010,7961736,8281,8230638,-271,-268902
2024/04/25,NQF,自營商,71,62893,57,50196,14,12697,0,0,547,477340,-547,-477340
2024/04/25,NQF,投信,0,0,0,0,0,0,0,0,0,0,0,0
2024/04/26,TX,投信,871,3513447,149,594588,722,2918859,19549,78884125,7481,30187331,12068,48696794
2024/04/25,NQF,外資,1577,1394383,1636,1444697,-59,-50313,24,20944,1872,1634913,-1848,-1613969
2024/04/26,TX,外資,102562,410862493,99290,397747684,3272,13114809,23378,94329859,37266,150346722,-13888,-56016863
2024/04/26,TX,自營商,12576,50427350,13084,52483616,-508,-2056266,4127,16633375,7878,31739798,-3751,-15106423
2024/04/26,TE,投信,119,499625,0,0,119,499625,322,1354203,0,0,322,1354203
2024/04/26,TE,自營商,239,996278,244,1018826,-5,-22548,81,340378,510,2144598,-429,-1804220
2024/04/26,MTX,自營商,20533,20584366,18304,18336046,2229,2248320,4498,4521712,15401,15498089,-10903,-10976377
2024/04/26,MTX,外資,205584,205635003,192410,192460253,13174,13174750,14942,15073068,2039,2056241,12903,13016827
2024/04/26,TE,外資,1086,4536033,1176,4910603,-90,-374570,390,1640184,497,2090183,-107,-449999
2024/04/26,MTX,投信,2,2016,0,0,2,2016,236,238077,12,12106,224,225971
2024/04/26,NQF,自營商,96,83920,145,126291,-49,-42371,0,0,596,529516,-596,-529516
2024/04/26,NQF,投信,0,0,0,0,0,0,0,0,0,0,0,0
2024/04/26,NQF,外資,2387,2086887,2307,2016363,80,70524,8,7108,1776,1579187,-1768,-1572079
2024/04/29,TX,自營商,9652,39357486,9274,37857681,378,1499805,4764,19556543,8195,33634036,-3431,-14077493
2024/04/29,TX,投信,654,2676568,105,430916,549,2245652,19757,81201270,7140,29345400,12617,51855870
2024/04/29,TX,外資,71228,290152307,72381,294790651,-1153,-4638343,25304,103993965,40345,165787884,-15041,-61793919
2024/04/29,TE,自營商,279,1181705,94,398427,185,783278,130,552855,396,1684223,-266,-1131368
2024/04/29,MTX,自營商,16068,16359008,12365,12592565,3703,3766444,6920,7089907,13888,14233718,-6968,-7143811
2024/04/29,TE,投信,0,0,122,515923,-122,-515923,200,850640,0,0,200,850640
2024/04/29,MTX,投信,96,98623,1,1027,95,97596,332,341130,13,13358,319,327772
2024/04/29,TE,外資,867,3670200,964,4078314,-97,-408114,384,1633229,588,2500882,-204,-867653
2024/04/29,MTX,外資,126724,128951628,123165,125277859,3559,3673770,18294,18796634,1832,1881660,16462,16914974
2024/04/29,NQF,外資,1178,1049597,988,879779,190,169818,17,15239,1595,1430806,-1578,-1415567
2024/04/29,NQF,投信,0,0,0,0,0,0,0,0,0,0,0,0
2024/04/30,TX,自營商,7177,29418050,7562,30998548,-385,-1580498,4528,18460817,8296,33826063,-3768,-15365246
2024/04/30,TX,投信,214,873927,141,575908,73,298019,19742,80598689,7052,28790495,12690,51808194
2024/04/29,NQF,自營商,10,8951,0,0,10,8951,0,0,586,525290,-586,-525290
2024/04/30,TE,投信,2,8462,15,63875,-13,-55413,187,790973,0,0,187,790973
2024/04/30,TX,外資,57065,233997981,55769,228698766,1296,5299216,24376,99513168,38111,155561949,-13735,-56048781
2024/04/30,TE,外資,869,3695856,764,3248991,105,446865,518,2191036,617,2609787,-99,-418751
2024/04/30,TE,自營商,100,425149,158,672409,-58,-247260,117,494857,436,1844154,-319,-1349297
2024/04/30,MTX,自營商,9654,9889698,11213,11479591,-1559,-1589892,5362,5455897,14081,14336056,-8719,-8880159
2024/04/30,MTX,外資,94214,96590388,98483,100960401,-4269,-4370013,14680,14982883,2527,2578591,12153,12404292
2024/04/30,NQF,自營商,2,1789,0,0,2,1789,0,0,584,522038,-584,-522038
2024/04/30,MTX,投信,4,4104,10,10210,-6,-6106,327,333753,14,14289,313,319464
2024/04/30,NQF,投信,0,0,0,0,0,0,0,0,0,0,0,0
2024/04/30,NQF,外資,916,820032,920,823419,-4,-3386,14,12515,1596,1427747,-1582,-1415232
2024/05/02,TX,自營商,9405,38249865,8940,36361751,465,1888114,5155,20894075,8375,33947530,-3220,-13053455
2024/05/02,TX,投信,662,2687906,537,2179394,125,508511,20155,81797052,7340,29788656,12815,52008396
2024/05/02,TE,投信,0,0,0,0,0,0,187,780875,0,0,187,780875
2024/05/02,TE,自營商,226,946616,174,729140,52,217476,131,547016,430,1795568,-299,-1248552
2024/05/02,MTX,自營商,13200,13413625,14158,14383674,-958,-970049,4510,4561857,14312,14485587,-9802,-9923730
2024/05/02,TE,外資,1240,5200787,1253,5254984,-13,-54197,566,2363503,678,2831192,-112,-467689
2024/05/02,MTX,投信,0,0,72,73059,-72,-73059,257,260752,16,16234,241,244518
2024/05/02,MTX,外資,114941,116965471,121111,123238000,-6170,-6272528,11639,11808821,5593,5674256,6046,6134565
2024/05/02,NQF,自營商,33,29243,31,27422,2,1821,2,1757,584,512898,-582,-511141
2024/05/02,NQF,投信,0,0,0,0,0,0,0,0,0,0,0,0
2024/05/02,NQF,外資,1613,1431443,1725,1530052,-112,-98610,5,4391,1699,1493281,-1694,-1488890
2024/05/03,TX,投信,221,901163,151,613872,70,287291,20371,83040344,7486,30515930,12885,52524414
2024/05/03,TX,外資,76474,312022422,78380,319924760,-1906,-7902338,20366,83017063,39823,162304447,-19457,-79287384
2024/05/03,TX,自營商,9932,40544021,9051,36918527,881,3625494,5671,23089205,8021,32654196,-2350,-9564991
2024/05/03,TE,外資,784,3310774,750,3165749,34,145025,659,2774126,737,3102475,-78,-328349
2024/05/03,TE,投信,0,0,0,0,0,0,187,787195,0,0,187,787195
2024/05/03,TE,自營商,105,443810,187,789049,-82,-345240,85,357819,475,1999565,-390,-1641746
2024/05/03,MTX,投信,0,0,0,0,0,0,257,261909,16,16306,241,245603
2024/05/03,MTX,自營商,14697,14994163,13156,13409736,1541,1584427,6065,6165532,14282,14517971,-8217,-8352439
2024/05/03,MTX,外資,144974,147871952,147104,150069109,-2130,-2197158,10780,10985848,6824,6953749,3956,4032099
2024/05/03,NQF,自營商,163,144283,38,33459,125,110824,0,0,457,406045,-457,-406045
2024/05/03,NQF,投信,0,0,0,0,0,0,0,0,0,0,0,0
2024/05/03,NQF,外資,1862,1641284,1555,1367157,307,274127,5,4443,1392,1238082,-1387,-1233639
2024/05/06,TX,自營商,9656,39761910,9251,38088129,405,1673781,6185,25452558,8116,33395303,-1931,-7942745
2024/05/06,TX,外資,72775,299480507,72076,296680844,699,2799663,23474,96714275,42232,173972415,-18758,-77258140
2024/05/06,TX,投信,377,1553351,151,622563,226,930787,20414,84109754,7303,30089799,13111,54019955
2024/05/06,TE,自營商,200,852457,136,579832,64,272625,157,666986,488,2073201,-331,-1406215
2024/05/06,TE,外資,749,3190983,814,3467771,-65,-276787,612,2600021,755,3207542,-143,-607521
2024/05/06,MTX,自營商,14893,15306148,12585,12935708,2308,2370440,9275,9533966,15220,15640148,-5945,-6106182
2024/05/06,MTX,投信,1,1030,0,0,1,1030,258,265753,16,16481,242,249272
2024/05/06,MTX,外資,133169,136970500,128150,131849519,5019,5120982,12587,12965134,3612,3720087,8975,9245047
2024/05/06,NQF,自營商,66,59093,19,17113,47,41980,0,0,410,369144,-410,-369144
2024/05/06,NQF,投信,0,0,0,0,0,0,0,0,0,0,0,0
2024/05/06,NQF,外資,1790,1606495,1757,1576868,33,29626,0,0,1354,1220194,-1354,-1220194
2024/05/06,TE,投信,0,0,0,0,0,0,187,794451,0,0,187,794451
2024/05/07,TX,自營商,8561,35357453,9080,37508177,-519,-2150724,5676,23408594,8166,33680100,-2490,-10271506
2024/05/07,TX,投信,266,1097915,7,28890,259,1069026,20529,84776550,7159,29563792,13370,55212758
2024/05/07,TE,投信,0,0,10,42612,-10,-42612,187,800098,10,42820,177,757278
2024/05/07,TE,外資,572,2444937,593,2535398,-21,-90461,583,2494424,747,3196114,-164,-701690
2024/05/07,MTX,投信,0,0,0,0,0,0,258,266359,16,16518,242,249841
2024/05/07,MTX,自營商,11721,12098127,12752,13159879,-1031,-1061751,8835,9105219,15651,16121739,-6816,-7016520
2024/05/07,TE,自營商,163,696778,138,589896,25,106882,188,804404,501,2143633,-313,-1339229
2024/05/07,MTX,外資,90304,93292368,90613,93606853,-309,-314485,11532,11905581,2866,2958530,8666,8947051
2024/05/07,TX,外資,52625,217467879,53092,219389870,-467,-1921990,22214,91732384,41439,171096728,-19225,-79364344
2024/05/07,NQF,投信,0,0,0,0,0,0,0,0,0,0,0,0
2024/05/07,NQF,自營商,10,9088,18,16316,-8,-7227,0,0,418,380087,-418,-380087
2024/05/08,TX,自營商,7807,32257321,9333,38572183,-1526,-6314862,5193,21492613,9189,38044994,-3996,-16552381
2024/05/08,TX,外資,47608,196710147,43986,181745830,3622,14964317,23782,98568441,39385,163212721,-15603,-64644280
2024/05/07,NQF,外資,715,647895,607,549531,108,98365,1,909,1247,1134718,-1246,-1133809
2024/05/08,TX,投信,173,716884,39,161393,134,555491,20669,85668861,7165,29697464,13504,55971397
2024/05/08,TE,投信,0,0,2,8611,-2,-8611,185,796499,10,43036,175,753463
2024/05/08,TE,自營商,96,412182,159,682101,-63,-269920,188,809401,570,2454002,-382,-1644601
2024/05/08,TE,外資,594,2547482,516,2213841,78,333640,677,2914718,763,3285020,-86,-370302
2024/05/08,MTX,外資,79338,81940660,73720,76129031,5618,5811629,16359,16951085,2074,2148765,14285,14802320
2024/05/08,MTX,自營商,10906,11261531,9618,9930724,1288,1330806,10302,10658075,15760,16296169,-5458,-5638094
2024/05/08,NQF,自營商,3,2731,19,17313,-16,-14582,0,0,434,394962,-434,-394962
2024/05/08,NQF,投信,0,0,0,0,0,0,0,0,0,0,0,0
2024/05/08,MTX,投信,0,0,0,0,0,0,258,267340,16,16579,242,250761
2024/05/08,NQF,外資,849,773525,886,806931,-37,-33406,47,42772,1330,1211158,-1283,-1168386
2024/05/09,TX,自營商,9076,37546359,8698,35983070,378,1563289,5428,22350416,8963,36913650,-3535,-14563234
2024/05/09,TE,投信,14,60241,25,107568,-11,-47328,184,788585,20,85664,164,702921
2024/05/09,TE,自營商,155,666640,147,632111,8,34528,205,878608,584,2502850,-379,-1624242
2024/05/09,TX,外資,54960,227468915,56573,234162722,-1613,-6693808,22185,91455018,39401,162401590,-17216,-70946572
2024/05/09,TX,投信,122,504669,332,1369962,-210,-865293,20580,84838992,7286,30035806,13294,54803186
2024/05/09,TE,外資,580,2494463,561,2413011,19,81452,698,2991510,765,3278790,-67,-287280
2024/05/09,MTX,自營商,12951,13391907,14390,14868768,-1439,-1476861,8665,8919091,15894,16349386,-7229,-7430295
2024/05/09,MTX,投信,0,0,114,117487,-114,-117487,144,148406,16,16490,128,131916
2024/05/09,MTX,外資,89806,92926126,97086,100452583,-7280,-7526458,11610,11965266,4605,4745930,7005,7219336
2024/05/09,NQF,外資,1004,912754,1027,933096,-23,-20342,20,18161,1326,1204640,-1306,-1186479
2024/05/09,NQF,自營商,10,9085,10,9097,0,-12,0,0,434,394094,-434,-394094
2024/05/09,NQF,投信,0,0,0,0,0,0,0,0,0,0,0,0
2024/05/10,TX,投信,4022,16664878,4064,16833042,-42,-168164,20569,85615620,7317,30456274,13252,55159346
2024/05/10,TX,自營商,11004,45558890,11859,49121597,-855,-3562707,5080,21112309,9271,38550367,-4191,-17438058
2024/05/10,TX,外資,69014,285654353,66669,275923842,2345,9730511,24387,101507167,39256,163367079,-14869,-61859912
2024/05/10,TE,自營商,254,1091171,240,1031396,14,59775,338,1458287,711,3067191,-373,-1608904
2024/05/10,TE,外資,858,3685596,842,3616786,16,68810,670,2890369,721,3110817,-51,-220448
2024/05/10,MTX,自營商,19159,19824188,15192,15711291,3967,4112897,11270,11711141,15328,15916273,-4058,-4205132
2024/05/10,MTX,投信,7,7285,16,16637,-9,-9353,133,138400,14,14568,119,123832
2024/05/10,TE,投信,10,42872,10,42854,0,18,184,793810,20,86228,164,707582
2024/05/10,MTX,外資,101369,104843652,91654,94771135,9715,10072517,18944,19713105,2232,2322570,16712,17390535
2024/05/10,NQF,自營商,13,11838,19,17303,-6,-5466,0,0,440,401258,-440,-401258
2024/05/13,TX,自營商,14433,60327789,13490,56400111,943,3927678,4949,20636838,8511,35517559,-3562,-14880721
2024/05/10,NQF,外資,1106,1005759,1127,1025269,-21,-19510,34,31006,1361,1241771,-1327,-1210765
2024/05/10,NQF,投信,0,0,0,0,0,0,0,0,0,0,0,0
2024/05/13,TX,投信,13844,57837957,13609,56855705,235,982251,20614,86096341,7127,29766191,13487,56330150
2024/05/13,TX,外資,90020,376350732,90550,378563365,-530,-2212633,26439,110422556,40956,171011359,-14517,-60588803
2024/05/13,TE,外資,882,3830127,893,3878710,-11,-48582,672,2911497,734,3180776,-62,-269279
2024/05/13,MTX,自營商,14857,15522592,14689,15342099,168,180492,8652,9018679,11286,11748311,-2634,-2729632
2024/05/13,TE,投信,102,442352,81,351120,21,91231,185,801520,0,0,185,801520
2024/05/13,TE,自營商,367,1593800,400,1736250,-33,-142450,477,2067187,888,3847539,-411,-1780352
2024/05/13,MTX,外資,98586,103063902,104818,109583145,-6232,-6519243,9811,10243322,2859,2985056,6952,7258266
2024/05/13,MTX,投信,39,40728,43,44904,-4,-4176,131,136775,16,16707,115,120068
2024/05/13,NQF,自營商,4,3653,5,4567,-1,-914,0,0,441,403427,-441,-403427
2024/05/14,TX,自營商,12758,53455737,14149,59277945,-1391,-5822207,4966,20828647,9834,41289485,-4868,-20460838
2024/05/13,NQF,外資,1373,1254629,1499,1369453,-126,-114823,1,915,1454,1330642,-1453,-1329727
2024/05/13,NQF,投信,0,0,0,0,0,0,0,0,0,0,0,0
2024/05/14,TX,投信,9319,39088047,10149,42570829,-830,-3482782,19868,83481317,7214,30311767,12654,53169550
2024/05/14,TX,外資,76980,322413980,72507,303685478,4473,18728502,27521,115633278,37565,157789763,-10044,-42156485
2024/05/14,TE,投信,78,340366,78,340415,0,-50,185,809672,0,0,185,809672
2024/05/14,TE,自營商,557,2424793,571,2486196,-14,-61403,550,2407773,986,4315805,-436,-1908032
2024/05/14,TE,外資,1192,5189842,1130,4920745,62,269097,719,3146917,719,3147404,0,-487
2024/05/14,MTX,自營商,12465,13041111,11749,12294773,716,746339,7610,7974266,9868,10328039,-2258,-2353773
2024/05/14,MTX,投信,27,28364,97,101889,-70,-73526,59,61976,14,14706,45,47270
2024/05/14,MTX,外資,74774,78251221,68993,72192315,5781,6058905,15405,16180571,2672,2806534,12733,13374037
2024/05/14,NQF,投信,0,0,0,0,0,0,0,0,0,0,0,0
2024/05/14,NQF,自營商,0,0,0,0,0,0,0,0,441,403449,-441,-403449
2024/05/15,TX,投信,248,1053523,361,1531886,-113,-478362,19751,83914099,7210,30632406,12541,53281693
2024/05/14,NQF,外資,649,593831,824,753671,-175,-159839,1,915,1629,1490700,-1628,-1489785
2024/05/15,TX,外資,74212,314383958,72356,306495384,1856,7888575,25226,107174395,28707,121923232,-3481,-14748837
2024/05/15,TX,自營商,23478,99450014,24695,104653427,-1217,-5203413,1681,7108866,9544,40521585,-7863,-33412719
2024/05/15,TE,自營商,527,2335897,420,1861572,107,474324,55,244310,457,2029994,-402,-1785684
2024/05/15,TE,投信,3,13308,6,26636,-3,-13328,182,808444,0,0,182,808444
2024/05/15,MTX,投信,7,7418,4,4231,3,3186,60,63729,12,12746,48,50983
2024/05/15,MTX,外資,112355,118941482,112062,118596707,293,344775,9368,9950156,1054,1119520,8314,8830636
2024/05/15,MTX,自營商,26451,27999857,27143,28752542,-692,-752685,3507,3706418,6226,6578011,-2719,-2871593
2024/05/15,TE,外資,1017,4506608,1181,5232706,-164,-726097,532,2363144,291,1292622,241,1070522
2024/05/15,NQF,自營商,26,23913,21,19341,5,4572,6,5527,442,407126,-436,-401599
2024/05/15,NQF,外資,1477,1355013,1439,1319899,38,35114,11,10132,1601,1475034,-1590,-1464902
2024/05/15,NQF,投信,0,0,0,0,0,0,0,0,0,0,0,0
2024/05/16,TX,投信,222,948985,1273,5438294,-1051,-4489309,18644,79691914,7154,30579058,11490,49112856
2024/05/16,TX,自營商,10035,42953040,9194,39368247,841,3584793,2357,10048410,9387,40095962,-7030,-30047552
2024/05/16,TE,自營商,272,1215559,163,728947,109,486612,60,267043,363,1615713,-303,-1348670
2024/05/16,TX,外資,68028,291314087,72254,309401059,-4226,-18086972,25563,109264755,34051,145502573,-8488,-36237818
2024/05/16,TE,投信,15,67395,6,26718,9,40677,191,850141,0,0,191,850141
2024/05/16,MTX,自營商,13445,14371941,14644,15654152,-1199,-1282211,4397,4685114,8283,8818613,-3886,-4133499
2024/05/16,TE,外資,1035,4632423,1239,5543339,-204,-910916,511,2274461,474,2109740,37,164721
2024/05/16,MTX,投信,1,1069,0,0,1,1069,60,64116,11,11755,49,52361
2024/05/16,MTX,外資,118436,126764917,127219,136151895,-8783,-9386978,5689,6079076,3034,3240775,2655,2838301
2024/05/16,NQF,外資,1264,1174276,1767,1642039,-503,-467764,0,0,2093,1961725,-2093,-1961725
2024/05/16,NQF,投信,0,0,0,0,0,0,0,0,0,0,0,0
2024/05/17,TX,自營商,6215,26526603,6259,26715068,-44,-188465,2162,9197528,9044,38561558,-6882,-29364030
2024/05/16,NQF,自營商,28,25972,4,3746,24,22226,27,25302,439,411387,-412,-386085
2024/05/17,TX,投信,187,798061,1072,4575279,-885,-3777219,17914,76439038,7309,31187503,10605,45251535
2024/05/17,TX,外資,51036,217942907,51475,219836495,-439,-1893588,25401,108383306,35049,149502049,-9648,-41118743
2024/05/17,TE,自營商,119,528662,97,430721,22,97941,65,288417,348,1544354,-283,-1255937
2024/05/17,TE,投信,0,0,2,8880,-2,-8880,189,838782,0,0,189,838782
2024/05/17,TE,外資,540,2400709,596,2649862,-56,-249153,504,2236752,523,2321039,-19,-84287
2024/05/17,MTX,自營商,6401,6826161,7042,7503035,-641,-676875,3160,3359927,8455,8985744,-5295,-5625817
2024/05/17,MTX,投信,1,1067,0,0,1,1067,61,65072,11,11734,50,53338
2024/05/17,MTX,外資,90827,96961979,94471,100856161,-3644,-3894183,5662,6039718,3767,4015442,1895,2024276
2024/05/17,NQF,外資,823,770415,768,718610,55,51805,1,934,2039,1903808,-2038,-1902874
2024/05/17,NQF,自營商,32,29918,31,29005,1,913,22,20539,433,404249,-411,-383710
2024/05/17,NQF,投信,0,0,0,0,0,0,0,0,0,0,0,0
2024/05/20,TX,自營商,9486,40442593,9133,38933602,353,1508991,2625,11153712,9142,38914029,-6517,-27760317
2024/05/20,TX,投信,189,805401,618,2632710,-429,-1827309,17485,74482603,7309,31134878,10176,43347725
2024/05/20,TX,外資,66156,282202687,65762,280571991,394,1630696,27123,115535406,36377,154897724,-9254,-39362318
2024/05/20,TE,自營商,189,836473,115,508654,74,327819,94,415943,317,1402831,-223,-986888
2024/05/20,MTX,自營商,14837,15806487,13790,14674489,1047,1131997,3861,4101127,8157,8653192,-4296,-4552065
2024/05/20,TE,外資,800,3541665,898,3974875,-98,-433210,483,2137565,600,2655276,-117,-517711
2024/05/20,TE,投信,0,0,0,0,0,0,189,836438,0,0,189,836438
2024/05/20,MTX,外資,109642,116935077,113613,121180634,-3971,-4245557,4664,4966834,6740,7175104,-2076,-2208270
2024/05/20,MTX,投信,1,1066,0,0,1,1066,62,66027,11,11714,51,54313
2024/05/20,NQF,自營商,11,10248,2,1868,9,8380,32,29898,434,405486,-402,-375588
2024/05/20,NQF,投信,0,0,0,0,0,0,0,0,0,0,0,0
2024/05/21,TX,自營商,6363,27073609,7179,30552961,-816,-3479352,2477,10512440,9890,42064899,-7413,-31552459
2024/05/20,NQF,外資,771,719465,966,900954,-195,-181489,6,5606,2239,2092160,-2233,-2086554
2024/05/21,TX,投信,212,902183,121,514879,91,387304,17579,74823256,7312,31122797,10267,43700459
2024/05/21,TX,外資,50336,214296950,49317,209971296,1019,4325654,28549,121511796,36784,156496273,-8235,-34984477
2024/05/21,TE,自營商,81,359490,136,603511,-55,-244021,84,373028,361,1603308,-277,-1230280
2024/05/21,TE,外資,678,3008429,686,3043858,-8,-35429,478,2123085,603,2678175,-125,-555090
2024/05/21,TE,投信,5,22132,4,17763,1,4369,190,843904,0,0,190,843904
2024/05/21,MTX,投信,48,51058,0,0,48,51058,110,117051,11,11705,99,105346
2024/05/21,MTX,自營商,9133,9709413,10000,10628861,-867,-919448,3938,4177734,8781,9310273,-4843,-5132539
2024/05/21,MTX,外資,90438,96238133,89346,95073281,1092,1164852,4703,5004439,5687,6048107,-984,-1043668
2024/05/21,NQF,自營商,20,18719,16,14931,4,3788,31,29081,429,402445,-398,-373364
2024/05/21,NQF,外資,995,932021,857,802828,138,129193,7,6567,2102,1972030,-2095,-1965463
2024/05/21,NQF,投信,0,0,0,0,0,0,0,0,0,0,0,0
2024/05/22,TX,自營商,9107,39064507,8675,37204895,432,1859612,3062,13173756,9999,43125390,-6937,-29951634
2024/05/22,TX,投信,730,3152237,106,457460,624,2694777,18034,77838351,7143,30830617,10891,47007734
2024/05/22,TX,外資,56372,241662114,53800,230574768,2572,11087346,33971,146622387,39634,170993275,-5663,-24370888
2024/05/22,TE,投信,0,0,8,36259,-8,-36259,182,825297,0,0,182,825297
2024/05/22,TE,自營商,178,801799,175,787515,3,14284,104,471532,388,1759249,-284,-1287717
2024/05/22,MTX,自營商,14911,15972787,12005,12862400,2906,3110387,7209,7752471,8824,9488081,-1615,-1735610
2024/05/22,TE,外資,885,3978461,778,3499302,107,479159,584,2648206,602,2729719,-18,-81513
2024/05/22,MTX,投信,0,0,0,0,0,0,110,118696,11,11870,99,106826
2024/05/22,MTX,外資,92932,99558387,84773,90775368,8159,8783019,9291,10025420,2193,2364225,7098,7661195
2024/05/22,NQF,自營商,26,24361,30,28072,-4,-3710,26,24479,428,402962,-402,-378483
2024/05/22,NQF,投信,0,0,0,0,0,0,0,0,0,0,0,0
2024/05/22,NQF,外資,1190,1116214,1372,1286874,-182,-170659,0,0,2277,2144028,-2277,-2144028
2024/05/23,TX,投信,153,660178,72,311242,81,348935,17970,77648370,6998,30238358,10972,47410012
2024/05/23,TX,自營商,7664,33065417,7047,30398938,617,2666479,2828,12180195,9109,39327447,-6281,-27147252
2024/05/23,TE,外資,749,3417668,708,3229433,41,188235,666,3046018,643,2940695,23,105323
2024/05/23,TE,投信,10,45599,0,0,10,45599,192,878131,0,0,192,878131
2024/05/23,TE,自營商,144,657764,132,602410,12,55354,110,503031,385,1760620,-275,-1257589
2024/05/23,MTX,自營商,10834,11671876,11863,12773746,-1029,-1101870,5208,5607009,8008,8617657,-2800,-3010648
2024/05/23,TX,外資,57972,250200989,61051,263433256,-3079,-13232267,31634,136686950,40359,174316712,-8725,-37629762
2024/05/23,MTX,外資,96396,103972592,99908,107737426,-3512,-3764835,6859,7409282,3341,3607009,3518,3802273
2024/05/23,MTX,投信,40,43214,0,0,40,43214,150,162038,11,11883,139,150155
2024/05/23,NQF,投信,0,0,0,0,0,0,0,0,0,0,0,0
2024/05/23,NQF,自營商,53,50061,37,34903,16,15158,53,50249,439,416216,-386,-365967
2024/05/24,TX,投信,55,237252,118,509109,-63,-271857,17977,77545587,7068,30488525,10909,47057062
2024/05/24,TX,自營商,7706,33186504,7810,33637368,-104,-450864,2754,11838145,9068,39082829,-6314,-27244684
2024/05/23,NQF,外資,1186,1117649,1355,1275383,-169,-157734,0,0,2446,2319128,-2446,-2319128
2024/05/24,TX,外資,66443,286251907,66120,284891885,323,1360022,32700,141051263,41102,177219911,-8402,-36168648
2024/05/24,TE,自營商,115,524363,143,651238,-28,-126875,81,369291,384,1750717,-303,-1381426
2024/05/24,TE,投信,0,0,0,0,0,0,192,875482,0,0,192,875482
2024/05/24,TE,外資,648,2951361,647,2948003,1,3358,742,3383372,718,3273831,24,109541
2024/05/24,MTX,自營商,11088,11927619,10733,11535773,355,391846,5093,5477572,7822,8400987,-2729,-2923415
2024/05/24,MTX,外資,116105,125020509,118987,128130707,-2882,-3110198,5932,6396911,5296,5708549,636,688362
2024/05/24,MTX,投信,2,2142,0,0,2,2142,152,163904,11,11862,141,152042
2024/05/24,NQF,自營商,28,26444,36,34035,-8,-7591,45,42127,439,410970,-394,-368843
2024/05/24,NQF,外資,1640,1547318,1757,1657501,-117,-110183,16,14978,2579,2414980,-2563,-2400002
2024/05/27,TX,自營商,8833,38446369,8639,37624563,194,821806,3260,14209175,9380,40994018,-6120,-26784843
2024/05/24,NQF,投信,0,0,0,0,0,0,0,0,0,0,0,0
2024/05/27,TX,外資,57371,249592182,58266,253526903,-895,-3934720,33291,145611136,42588,186196423,-9297,-40585287
2024/05/27,TX,投信,458,2002499,246,1067204,212,935295,18147,79374978,7026,30731724,11121,48643254
2024/05/27,TE,自營商,175,809905,177,819134,-2,-9229,82,380013,386,1788818,-304,-1408805
2024/05/27,TE,外資,696,3218690,693,3205121,3,13568,761,3527387,734,3401942,27,125445
2024/05/27,TE,投信,0,0,0,0,0,0,192,889958,0,0,192,889958
2024/05/27,MTX,投信,4,4378,0,0,4,4378,156,170573,11,12029,145,158544
2024/05/27,MTX,外資,99627,108283469,96357,104711320,3270,3572148,7661,8377042,3755,4104042,3906,4273000
2024/05/27,MTX,自營商,11663,12676190,10059,10937333,1604,1738857,7085,7727671,8210,8942841,-1125,-1215170
2024/05/27,NQF,自營商,25,23504,0,0,25,23504,70,66066,439,414328,-369,-348262
2024/05/27,NQF,投信,0,0,0,0,0,0,0,0,0,0,0,0
2024/05/28,TX,投信,802,3518468,77,338222,725,3180246,18659,81916742,6813,29910433,11846,52006309
2024/05/28,TX,自營商,5704,24995423,6011,26342574,-307,-1347152,3368,14732250,9800,42988053,-6432,-28255803
2024/05/28,TX,外資,39149,171588874,40012,175370190,-863,-3781316,33583,147432167,43743,191951446,-10160,-44519279
2024/05/27,NQF,外資,1251,1178929,1065,1003238,186,175690,13,12269,2390,2256232,-2377,-2243963
2024/05/28,TE,外資,535,2485183,542,2517897,-7,-32714,758,3521062,738,3427780,20,93282
2024/05/28,TE,投信,0,0,1,4645,-1,-4645,191,887233,0,0,191,887233
2024/05/28,MTX,投信,3,3274,4,4386,-1,-1112,154,168995,10,10976,144,158019
2024/05/28,TE,自營商,130,603606,92,427104,38,176502,109,506251,386,1792694,-277,-1286443
2024/05/28,MTX,自營商,6846,7490182,6780,7417762,66,72420,7354,8051340,8393,9175378,-1039,-1124038
2024/05/28,MTX,外資,63190,69209504,63796,69869314,-606,-659809,7137,7833058,3837,4209218,3300,3623840
2024/05/28,NQF,投信,0,0,0,0,0,0,0,0,0,0,0,0
2024/05/28,NQF,自營商,16,15159,5,4722,11,10437,80,75748,438,414720,-358,-338972
2024/05/28,NQF,外資,249,235580,429,405956,-180,-170376,0,0,2557,2421792,-2557,-2421792
2024/05/29,TX,自營商,10488,45789500,9097,39706277,1391,6083223,3464,15018474,8395,36450563,-4931,-21432089
2024/05/29,TX,投信,105,456518,487,2118234,-382,-1661716,18430,80096780,6966,30274236,11464,49822544
2024/05/29,TX,外資,53588,234134249,58893,257291836,-5305,-23157587,31788,138145942,47253,205262869,-15465,-67116927
2024/05/29,TE,自營商,188,868777,114,526869,74,341908,169,777802,386,1776162,-217,-998360
2024/05/29,TE,投信,0,0,0,0,0,0,191,879135,0,0,191,879135
2024/05/29,MTX,外資,82744,90382170,95234,104036757,-12490,-13654587,2191,2380446,11355,12333203,-9164,-9952757
2024/05/29,MTX,投信,0,0,1,1087,-1,-1087,153,166209,10,10865,143,155344
2024/05/29,TE,外資,516,2384643,616,2847224,-100,-462581,765,3521142,845,3889012,-80,-367870
2024/05/29,MTX,自營商,10985,11984453,16161,17603334,-5176,-5618881,3162,3425768,7660,8285462,-4498,-4859694
2024/05/29,NQF,投信,0,0,0,0,0,0,0,0,0,0,0,0
2024/05/29,NQF,自營商,29,27492,55,51871,-26,-24379,50,47183,434,409544,-384,-362361
2024/05/29,NQF,外資,1347,1273954,1270,1201672,77,72281,8,7549,2488,2348922,-2480,-2341373
2024/05/30,TX,自營商,9211,39605389,9075,39023532,136,581857,3843,16411369,8632,36901712,-4789,-20490343
2024/05/30,TE,自營商,165,748321,149,675676,16,72645,157,709109,375,1693535,-218,-984426
2024/05/30,TE,投信,0,0,0,0,0,0,191,862747,0,0,191,862747
2024/05/30,TX,外資,71274,306726533,69591,299482605,1683,7243928,32711,139964195,47123,201537249,-14412,-61573054
2024/05/30,TX,投信,216,924809,600,2576065,-384,-1651255,18424,78836296,7344,31424976,11080,47411320
2024/05/30,MTX,自營商,11219,12045255,12737,13683794,-1518,-1638539,2938,3131007,8978,9557717,-6040,-6426710
2024/05/30,TE,外資,757,3434612,734,3330477,23,104135,781,3527757,838,3784946,-57,-257189
2024/05/30,MTX,投信,0,0,0,0,0,0,153,163647,10,10698,143,152949
2024/05/30,MTX,外資,120249,129401829,122199,131499754,-1950,-2097925,2754,2946003,11348,12134343,-8594,-9188340
2024/05/30,NQF,投信,0,0,0,0,0,0,0,0,0,0,0,0
2024/05/30,NQF,外資,2080,1958537,1752,1648734,328,309803,22,20731,2174,2030345,-2152,-2009614
2024/05/30,NQF,自營商,15,14139,44,41243,-29,-27104,11,10268,424,395783,-413,-385515
2024/05/31,TX,自營商,11838,50740538,11122,47675962,716,3064575,4470,18994356,8470,36026438,-4000,-17032082
2024/05/31,TX,投信,171,728264,120,511158,51,217106,18557,79008283,7426,31616938,11131,47391345
2024/05/31,TE,自營商,177,797651,151,680165,26,117486,153,683483,366,1634726,-213,-951243
2024/05/31,TE,投信,19,84850,2,9032,17,75819,208,929261,0,0,208,929261
2024/05/31,MTX,自營商,16888,18091492,16135,17270832,753,820661,3261,3458818,8840,9364888,-5579,-5906070
2024/05/31,TE,外資,907,4085164,1063,4786819,-156,-701655,701,3131788,914,4083089,-213,-951301
2024/05/31,TX,外資,91535,392711673,91182,391220475,353,1491197,36210,154159380,50269,213923076,-14059,-59763696
2024/05/31,MTX,外資,149449,160392677,152256,163382042,-2807,-2989365,2850,3033521,14251,15161026,-11401,-12127505
2024/05/31,MTX,投信,0,0,4,4305,-4,-4305,149,158569,10,10644,139,147925
2024/05/31,NQF,自營商,58,54056,2,1857,56,52199,41,38048,398,369344,-357,-331296
2024/05/31,NQF,投信,0,0,0,0,0,0,0,0,0,0,0,0
2024/05/31,NQF,外資,1760,1641993,1759,1644417,1,-2424,21,19674,2172,2017806,-2151,-1998132
2024/06/03,TX,投信,1393,6031068,138,597180,1255,5433887,19562,84723022,7176,31079256,12386,53643766
2024/06/03,TX,自營商,14215,61021062,15126,64966786,-911,-3945724,4855,20985068,9728,42091531,-4873,-21106463
2024/06/03,TE,自營商,182,825801,158,717606,24,108195,184,839085,370,1686964,-186,-847879
2024/06/03,TE,外資,1002,4546362,1024,4644795,-22,-98433,719,3279071,954,4350485,-235,-1071414
2024/06/03,TX,外資,92437,396520165,94046,403538026,-1609,-7017860,36324,157309929,53023,229550096,-16699,-72240167
2024/06/03,TE,投信,0,0,30,136115,-30,-136115,178,811787,0,0,178,811787
2024/06/03,MTX,自營商,21598,23148204,18632,19950362,2966,3197841,7549,8142569,10314,11121922,-2765,-2979353
2024/06/03,MTX,外資,152695,163607218,149536,160178257,3159,3428961,7616,8246009,11734,12698406,-4118,-4452397
2024/06/03,MTX,投信,0,0,2,2165,-2,-2165,149,161303,12,12993,137,148310
2024/06/03,NQF,自營商,45,41572,64,58960,-19,-17387,0,0,376,350752,-376,-350752
2024/06/03,NQF,投信,0,0,0,0,0,0,0,0,0,0,0,0
2024/06/03,NQF,外資,2410,2226168,2814,2602350,-404,-376182,19,17921,2574,2404465,-2555,-2386544
2024/06/04,TX,自營商,12983,55659122,12913,55326327,70,332795,4230,18017050,9210,39243846,-4980,-21226796
2024/06/04,TX,外資,79551,341333157,81957,351751629,-2406,-10418472,31942,136236082,51031,217579795,-19089,-81343713
2024/06/04,TX,投信,454,1936480,668,2850988,-214,-914509,19556,83413787,7384,31495714,12172,51918073
2024/06/04,TE,自營商,157,706929,154,693999,3,12931,167,748166,362,1621497,-195,-873331
2024/06/04,MTX,自營商,19545,20938469,21020,22478261,-1475,-1539793,6886,7331113,10418,11058521,-3532,-3727408
2024/06/04,TE,投信,20,90432,20,89592,0,840,178,797511,0,0,178,797511
2024/06/04,MTX,投信,0,0,3,3200,-3,-3200,149,158861,15,15995,134,142866
2024/06/04,TE,外資,782,3526998,800,3610177,-18,-83179,696,3118358,949,4251594,-253,-1133236
2024/06/04,MTX,外資,136097,146016579,146952,157697740,-10855,-11681162,2167,2310496,17204,18337994,-15037,-16027498
2024/06/04,NQF,投信,0,0,0,0,0,0,0,0,0,0,0,0
2024/06/04,NQF,自營商,55,51206,16,14896,39,36310,0,0,337,314168,-337,-314168
2024/06/05,TX,自營商,12717,54243843,14609,62347711,-1892,-8103868,2858,12234206,9688,41539177,-6830,-29304971
2024/06/04,NQF,外資,2920,2722987,2633,2452920,287,270068,31,29089,2299,2146205,-2268,-2117116
2024/06/05,TX,投信,228,977531,161,689095,67,288437,19567,83980602,7328,31451776,12239,52528826
2024/06/05,TX,外資,85268,363729399,82625,352439683,2643,11289717,33794,145034384,50240,215537451,-16446,-70503067
2024/06/05,TE,投信,0,0,0,0,0,0,178,804204,0,0,178,804204
2024/06/05,TE,自營商,76,341516,129,579613,-53,-238097,156,704748,386,1743508,-230,-1038760
2024/06/05,TE,外資,813,3652316,770,3459775,43,192541,686,3099348,896,4047828,-210,-948480
2024/06/05,MTX,自營商,22345,23811728,20100,21411303,2245,2400425,6945,7430055,8307,8866448,-1362,-1436393
2024/06/05,MTX,投信,2,2146,0,0,2,2146,150,160924,14,15022,136,145902
2024/06/05,MTX,外資,164485,175282336,159749,170201402,4736,5080933,3945,4232787,14282,15317850,-10337,-11085063
2024/06/05,NQF,自營商,37,34642,0,0,37,34642,3,2814,303,284259,-300,-281445
2024/06/06,TX,自營商,11396,49621533,12561,54734843,-1165,-5113310,2972,12957677,10962,47904850,-7990,-34947173
2024/06/06,TX,投信,601,2628364,854,3742936,-253,-1114572,19053,83347686,7067,30915298,11986,52432388
2024/06/05,NQF,投信,0,0,0,0,0,0,0,0,0,0,0,0
2024/06/05,NQF,外資,2119,1974999,1812,1687780,307,287219,18,17109,1979,1858093,-1961,-1840984
2024/06/06,TE,投信,2,9280,0,0,2,9280,180,833976,0,0,180,833976
2024/06/06,TE,外資,1111,5140955,1031,4773600,80,367355,681,3155187,811,3757195,-130,-602008
2024/06/06,TE,自營商,189,871961,189,874388,0,-2428,184,852443,388,1797154,-204,-944711
2024/06/06,TX,外資,87251,380050429,82362,358656297,4889,21394131,35182,153899533,45710,199867886,-10528,-45968353
2024/06/06,MTX,自營商,20996,22792819,17900,19468141,3096,3324678,13275,14470529,11561,12600001,1714,1870528
2024/06/06,MTX,投信,0,0,0,0,0,0,150,164020,14,15311,136,148709
2024/06/06,NQF,自營商,43,40843,21,19958,22,20885,30,28646,308,294094,-278,-265448
2024/06/06,MTX,外資,150472,163618329,139282,151421967,11190,12196362,5436,5944927,8699,9510047,-3263,-3565120
2024/06/07,TX,投信,10,43582,547,2390900,-537,-2347318,18520,81093714,7071,30962495,11449,50131219
2024/06/07,TX,自營商,7801,34057372,6505,28396916,1296,5660456,3008,13127147,9683,42350434,-6675,-29223287
2024/06/06,NQF,外資,1560,1476338,1599,1513616,-39,-37278,82,79194,2082,1989903,-2000,-1910709
2024/06/07,TX,外資,60785,265490333,60863,265833054,-78,-342721,34704,151952388,45310,198304929,-10606,-46352541
2024/06/07,TE,自營商,140,644545,91,419535,49,225011,172,794604,351,1621035,-179,-826431
2024/06/07,TE,外資,671,3092078,650,2995020,21,97058,679,3137092,788,3640367,-109,-503275
2024/06/06,NQF,投信,0,0,0,0,0,0,0,0,0,0,0,0
2024/06/07,TE,投信,2,9246,20,92091,-18,-82845,162,748472,0,0,162,748472
2024/06/07,MTX,投信,0,0,0,0,0,0,150,164178,14,15326,136,148852
2024/06/07,MTX,自營商,10912,11895342,8932,9726352,1980,2168990,12910,14090455,9292,10128516,3618,3961939
2024/06/07,MTX,外資,105515,115171234,111657,121876505,-6142,-6705271,2041,2234196,11446,12525394,-9405,-10291198
2024/06/07,NQF,外資,886,846258,941,898101,-55,-51842,79,76434,2134,2040474,-2055,-1964040
2024/06/07,NQF,投信,0,0,0,0,0,0,0,0,0,0,0,0
2024/06/07,NQF,自營商,22,21017,0,0,22,21017,52,49683,308,294279,-256,-244596
2024/06/11,TX,自營商,11086,48426694,9940,43403541,1146,5023153,2903,12620729,8503,37024120,-5600,-24403391
2024/06/11,TX,外資,72553,317055966,76703,335198982,-4150,-18143016,29587,128994119,45437,198012418,-15850,-69018299
2024/06/11,TE,外資,719,3316696,750,3460068,-31,-143373,661,3044676,801,3689227,-140,-644551
2024/06/11,TX,投信,214,935381,138,601897,76,333484,18525,80770311,7000,30521400,11525,50248911
2024/06/11,TE,投信,0,0,0,0,0,0,162,746204,0,0,162,746204
2024/06/11,TE,自營商,100,461306,96,442992,4,18314,179,824442,342,1574710,-163,-750268
2024/06/11,MTX,自營商,16659,18175493,16750,18255085,-91,-79592,11662,12683412,7851,8512924,3811,4170488
2024/06/11,MTX,投信,1,1090,0,0,1,1090,151,164571,14,15261,137,149310
2024/06/11,MTX,外資,121425,132616226,128778,140647602,-7353,-8031376,963,1049490,13345,14540990,-12382,-13491500
2024/06/11,NQF,自營商,46,43854,48,45730,-2,-1877,40,38196,298,284560,-258,-246364
2024/06/11,NQF,外資,1760,1677488,1518,1446548,242,230939,106,102369,1919,1834316,-1813,-1731947
2024/06/11,NQF,投信,0,0,0,0,0,0,0,0,0,0,0,0
2024/06/12,TX,自營商,11971,52302224,13213,57788886,-1242,-5486662,3319,14586657,10108,44510844,-6789,-29924187
2024/06/12,TX,外資,69512,303885686,64801,283241278,4711,20644407,33007,145514110,44146,194538995,-11139,-49024885
2024/06/12,TX,投信,582,2565078,245,1072738,337,1492340,18847,83096945,6985,30798262,11862,52298683
2024/06/12,TE,自營商,165,770040,182,848826,-17,-78786,199,934518,332,1558398,-133,-623880
2024/06/12,TE,外資,843,3924605,838,3902857,5,21748,667,3132215,802,3766186,-135,-633971
2024/06/12,MTX,自營商,23497,25637240,19222,20971520,4275,4665720,18732,20592242,10580,11618856,8152,8973386
2024/06/12,TE,投信,20,93200,17,79474,3,13726,165,774535,0,0,165,774535
2024/06/12,MTX,外資,124769,136205840,114029,124415050,10740,11790790,7414,8172136,9154,10088091,-1740,-1915955
2024/06/12,MTX,投信,8,8818,0,0,8,8818,157,173035,12,13228,145,159807
2024/06/12,NQF,投信,0,0,0,0,0,0,0,0,0,0,0,0
2024/06/12,NQF,自營商,21,20186,13,12417,8,7769,47,45282,297,286145,-250,-240863
2024/06/13,TX,自營商,15897,70801200,15214,67823134,683,2978066,4367,19419955,10457,46633099,-6090,-27213144
2024/06/12,NQF,外資,1431,1369282,1338,1282056,93,87226,165,160473,1885,1818403,-1720,-1657930
2024/06/13,TX,外資,86930,387365298,89896,400502024,-2966,-13136726,32985,147226980,46303,206548880,-13318,-59321900
2024/06/13,TX,投信,507,2255651,89,396829,418,1858822,19048,85045676,6768,30218721,12280,54826955
2024/06/13,TE,外資,963,4588727,1049,4997107,-86,-408381,620,2958579,814,3884456,-194,-925877
2024/06/13,TE,自營商,184,877008,122,581701,62,295307,216,1031075,277,1321383,-61,-290308
2024/06/13,MTX,自營商,21517,23917978,21638,24044100,-121,-126122,18374,20459524,10407,11574541,7967,8884983
2024/06/13,TE,投信,14,66442,15,71499,-1,-5057,164,782227,0,0,164,782227
2024/06/13,MTX,投信,115,127583,110,122736,5,4847,159,176726,9,10046,150,166680
2024/06/13,NQF,自營商,364,356772,95,92984,269,263788,36,35338,17,16687,19,18651
2024/06/13,NQF,投信,0,0,0,0,0,0,0,0,0,0,0,0
2024/06/14,TX,自營商,12698,56669513,13475,60169143,-777,-3499631,4327,19382634,11206,50369891,-6879,-30987257
2024/06/13,MTX,外資,146739,163404814,148644,165491222,-1905,-2086408,3074,3431067,9867,11008084,-6793,-7577017
2024/06/14,TX,投信,5050,22564049,4881,21827731,169,736318,19117,85967664,6668,29952916,12449,56014748
2024/06/13,NQF,外資,1872,1827519,2079,2027916,-207,-200398,137,136092,2064,2028706,-1927,-1892614
2024/06/14,TE,投信,0,0,1,4819,-1,-4819,163,784852,0,0,163,784852
2024/06/14,TE,外資,726,3472740,700,3347973,26,124767,604,2909084,772,3718811,-168,-809727
2024/06/14,TE,自營商,111,530463,104,497139,7,33325,215,1036207,268,1290631,-53,-254424
2024/06/14,MTX,外資,118024,131724973,117688,131324525,336,400448,4756,5350859,11213,12612480,-6457,-7261621
2024/06/14,TX,外資,70950,316916115,70487,314828053,463,2088062,34494,155150304,47349,212835151,-12855,-57684847
2024/06/14,MTX,投信,19,21264,22,24621,-3,-3357,159,177950,12,13409,147,164541
2024/06/14,MTX,自營商,16189,18034707,15404,17156611,785,878095,18518,20772897,9718,10884611,8800,9888286
2024/06/14,NQF,自營商,127,124547,143,140328,-16,-15781,44,43219,41,40299,3,2920
2024/06/14,NQF,投信,0,0,0,0,0,0,0,0,0,0,0,0
2024/06/14,NQF,外資,1412,1386480,1331,1306146,81,80334,168,166977,2014,1980803,-1846,-1813826
2024/06/17,TX,自營商,13300,59726103,13530,60648110,-230,-922007,3302,14795746,10195,45699884,-6893,-30904138
2024/06/17,TE,自營商,176,846222,231,1109442,-55,-263219,208,1000746,318,1528872,-110,-528126
2024/06/17,TX,投信,12707,56899790,12723,57175996,-16,-276206,19094,85491188,6661,29823287,12433,55667901
2024/06/17,TE,外資,1057,5079482,1020,4902725,37,176756,600,2882494,731,3513558,-131,-631064
2024/06/17,TE,投信,38,182099,36,173124,2,8975,165,793130,0,0,165,793130
2024/06/17,TX,外資,92572,415492012,92909,416846572,-337,-1354560,34943,156622106,48135,215631189,-13192,-59009083
2024/06/17,MTX,投信,6,6704,0,0,6,6704,165,184584,12,13408,153,171176
2024/06/17,MTX,自營商,14013,15696780,13229,14800748,784,896032,16726,18762809,8006,8947128,8720,9815681
2024/06/17,MTX,外資,99821,111977503,105347,118166985,-5526,-6189481,2005,2251459,13988,15713504,-11983,-13462045
2024/06/17,NQF,外資,1836,1804199,1645,1616499,191,187701,321,318293,1976,1949650,-1655,-1631357
2024/06/17,NQF,自營商,173,169832,122,119671,51,50161,56,55171,2,1997,54,53174
2024/06/17,NQF,投信,0,0,0,0,0,0,0,0,0,0,0,0
2024/06/18,TX,投信,8014,36353388,7516,34179245,498,2174143,19505,88451292,6574,29812452,12931,58638840
2024/06/18,TX,外資,90213,409238901,89959,407964891,254,1274009,37294,169365596,50232,227992008,-12938,-58626412
2024/06/18,TX,自營商,17277,78347732,17821,80811244,-544,-2463513,3289,14935704,10766,48895756,-7477,-33960052
2024/06/18,TE,投信,96,466870,117,570841,-21,-103971,164,798647,20,97396,144,701251
2024/06/18,TE,自營商,257,1253612,241,1174143,16,79469,215,1051407,371,1811165,-156,-759758
2024/06/18,MTX,自營商,20867,23606372,20204,22878284,663,728088,16605,18875252,7062,8000621,9543,10874631
2024/06/18,MTX,投信,44,49860,35,39873,9,9987,174,197246,12,13603,162,183643
2024/06/18,TE,外資,982,4792749,960,4684054,22,108695,579,2823878,688,3357650,-109,-533772
2024/06/18,MTX,外資,107673,122024353,104355,118249873,3318,3774481,5195,5913311,13860,15784952,-8665,-9871641
2024/06/18,NQF,投信,0,0,0,0,0,0,0,0,0,0,0,0
2024/06/18,NQF,自營商,169,167168,223,220723,-54,-53556,2,1991,2,2019,0,-28
2024/06/19,TX,自營商,25982,119764504,28213,129973822,-2231,-10209318,2006,9269974,9870,45659896,-7864,-36389922
2024/06/19,TX,外資,93440,430138493,89248,410839423,4192,19299070,31922,147701561,43518,201340125,-11596,-53638564
2024/06/19,TX,投信,894,4121052,514,2378211,380,1742842,19636,90855772,6298,29140846,13338,61714926
2024/06/18,NQF,外資,1209,1201293,1240,1233606,-31,-32314,398,399097,2084,2079560,-1686,-1680463
2024/06/19,TE,投信,0,0,5,24928,-5,-24928,164,821082,25,125165,139,695917
2024/06/19,TE,外資,1192,5935965,1142,5686445,50,249520,480,2403168,452,2262983,28,140185
2024/06/19,TE,自營商,341,1698494,358,1784140,-17,-85647,41,205271,196,981294,-155,-776023
2024/06/19,MTX,投信,7,8046,0,0,7,8046,181,209372,12,13881,169,195491
2024/06/19,MTX,自營商,33667,38758647,33227,38260566,440,498081,10398,12027361,8073,9332239,2325,2695122
2024/06/19,MTX,外資,142190,163635395,139522,160569065,2668,3066330,7223,8355193,1262,1459850,5961,6895343
2024/06/19,NQF,自營商,148,147381,162,161395,-14,-14014,0,0,14,13990,-14,-13990
2024/06/19,NQF,外資,744,744981,909,912300,-165,-167320,403,404492,2254,2254961,-1851,-1850469
2024/06/19,NQF,投信,0,0,0,0,0,0,0,0,0,0,0,0
2024/06/20,TX,自營商,7062,32788013,6766,31413055,296,1374958,2393,11183606,9913,46342602,-7520,-35158996
2024/06/20,TX,投信,674,3141904,82,382891,592,2759013,20104,93994242,6174,28865920,13930,65128322
2024/06/20,TX,外資,53461,248149380,58393,271074082,-4932,-22924702,33023,154393858,49551,231662220,-16528,-77268362
2024/06/20,TE,自營商,124,623373,149,749836,-25,-126463,56,283713,236,1195710,-180,-911997
2024/06/20,TE,投信,1,5068,0,0,1,5068,165,835989,25,126665,140,709324
2024/06/20,TE,外資,663,3333211,718,3610008,-55,-276797,480,2431968,507,2568766,-27,-136798
2024/06/20,MTX,自營商,8969,10409694,7945,9219255,1024,1190438,11514,13462536,8357,9766616,3157,3695920
2024/06/20,MTX,投信,9,10477,0,0,9,10477,188,219744,10,11689,178,208055
2024/06/20,NQF,投信,6,6082,0,0,6,6082,6,6099,0,0,6,6099
2024/06/20,MTX,外資,87988,102060544,96518,111960589,-8530,-9900045,4116,4810981,6685,7813830,-2569,-3002849
2024/06/20,NQF,外資,349,351577,334,335933,15,15644,407,410545,2243,2255131,-1836,-1844586
2024/06/20,NQF,自營商,114,113894,92,91986,22,21908,10,10025,2,2033,8,7992
2024/06/21,TX,自營商,9932,46052324,9292,43091826,640,2960497,2277,10568120,9288,43109230,-7011,-32541110
2024/06/21,TX,投信,81,375982,788,3659082,-707,-3283099,19453,90289154,6230,28915922,13223,61373232
2024/06/21,TX,外資,81307,377050959,83263,386153171,-1956,-9102212,31601,146672112,51749,240185111,-20148,-93512999
2024/06/21,TE,自營商,139,695694,100,500057,39,195637,85,425503,227,1136279,-142,-710776
2024/06/21,TE,投信,27,135216,0,0,27,135216,167,835935,0,0,167,835935
2024/06/21,MTX,投信,2,2321,6,6944,-4,-4623,186,215825,12,13924,174,201901
2024/06/21,MTX,自營商,14173,16436396,15729,18242344,-1556,-1805948,11917,13831558,9792,11367791,2125,2463767
2024/06/21,TE,外資,699,3499526,859,4304341,-160,-804815,413,2067313,600,3003360,-187,-936047
2024/06/21,MTX,外資,144217,167175037,151890,176096926,-7673,-8921888,4482,5200744,8068,9361826,-3586,-4161082
2024/06/21,NQF,自營商,214,212433,230,228434,-16,-16000,0,0,2,2008,-2,-2008
2024/06/21,NQF,投信,0,0,0,0,0,0,6,6024,0,0,6,6024
2024/06/24,TX,自營商,14173,64856081,13333,60991525,840,3864556,2559,11644149,8727,39713446,-6168,-28069297
2024/06/24,TX,外資,99781,456950293,99386,455168625,395,1781668,29547,134461090,50694,230693309,-21147,-96232219
2024/06/21,NQF,外資,1868,1872295,2050,2057323,-182,-185029,228,228923,696,698819,-468,-469896
2024/06/24,TX,投信,413,1879845,654,2978695,-241,-1098849,19573,89072808,6591,29994323,12982,59078485
2024/06/24,TE,自營商,129,632965,131,644525,-2,-11560,106,517837,249,1216416,-143,-698579
2024/06/24,MTX,投信,0,0,4,4551,-4,-4551,186,211612,16,18203,170,193409
2024/06/24,TE,投信,20,98462,2,9790,18,88672,185,903762,0,0,185,903762
2024/06/24,MTX,自營商,21128,24215557,21935,25134849,-807,-919292,13380,15233167,12074,13745376,1306,1487791
2024/06/24,MTX,外資,165231,189303116,177088,202894654,-11857,-13591538,1424,1620174,11291,12846004,-9867,-11225830
2024/06/24,TE,外資,951,4674416,998,4905425,-47,-231008,421,2056669,655,3199806,-234,-1143137
2024/06/24,NQF,投信,0,0,0,0,0,0,6,5999,0,0,6,5999
2024/06/24,NQF,外資,1831,1828641,1413,1412750,418,415891,232,231998,458,457954,-226,-225956
2024/06/24,NQF,自營商,56,55718,98,97886,-42,-42168,0,0,56,55994,-56,-55994
2024/06/25,TX,自營商,13498,61154433,11739,53201565,1759,7952867,3852,17523309,8309,37800380,-4457,-20277071
2024/06/25,TX,投信,470,2134007,87,395453,383,1738554,19950,90760530,6585,29957799,13365,60802731
2024/06/25,TX,外資,90288,409318449,92254,418182777,-1966,-8864328,29114,132449948,52227,237597411,-23113,-105147463
2024/06/25,TE,投信,2,9772,0,0,2,9772,187,913009,0,0,187,913009
2024/06/25,TE,自營商,149,722902,86,418265,63,304637,101,493128,229,1118072,-128,-624944
2024/06/25,TE,外資,755,3659611,882,4273932,-127,-614321,366,1786960,727,3549505,-361,-1762545
2024/06/25,MTX,投信,3,3413,0,0,3,3413,187,212684,14,15923,173,196761
2024/06/25,MTX,自營商,20034,22707073,17453,19775669,2581,2931404,12893,14678388,8814,10025402,4079,4652986
2024/06/25,NQF,自營商,2,1999,153,151761,-151,-149762,0,0,207,205096,-207,-205096
2024/06/25,NQF,投信,0,0,0,0,0,0,6,5945,0,0,6,5945
2024/06/25,MTX,外資,162005,183594172,163611,185396514,-1606,-1802342,3091,3515644,14564,16564535,-11473,-13048891
2024/06/26,TX,自營商,11409,52108684,12760,58320013,-1351,-6211328,3205,14662331,8818,40343011,-5613,-25680680
2024/06/25,NQF,外資,1240,1233416,1717,1708326,-477,-474911,230,227884,933,924699,-703,-696815
2024/06/26,TX,投信,770,3522380,35,159968,735,3362412,20597,94235394,6497,29725074,14100,64510320
2024/06/26,TE,自營商,96,472491,163,802923,-67,-330432,115,566929,313,1542976,-198,-976047
2024/06/26,TX,外資,76531,349312785,77944,355843994,-1413,-6531208,28735,131465975,54387,248826867,-25652,-117360892
2024/06/26,TE,外資,704,3466495,737,3627168,-33,-160673,332,1636634,726,3578890,-394,-1942256
2024/06/26,TE,投信,11,54257,0,0,11,54257,198,976061,0,0,198,976061
2024/06/26,MTX,外資,132979,151732792,129274,147455856,3705,4276936,3972,4543252,7186,8219253,-3214,-3676001
2024/06/26,MTX,投信,7,8022,0,0,7,8022,193,220753,13,14869,180,205884
2024/06/26,MTX,自營商,16890,19295608,16854,19259796,36,35812,9845,11260348,7431,8498506,2414,2761842
2024/06/26,NQF,自營商,4,4001,97,96978,-93,-92977,0,0,300,300315,-300,-300315
2024/06/26,NQF,投信,0,0,0,0,0,0,6,6006,0,0,6,6006
2024/06/26,NQF,外資,1698,1690083,1574,1567869,124,122214,181,181190,760,761438,-579,-580248
2024/06/27,TX,投信,245,1117150,153,697366,92,419784,20693,94347664,6501,29640659,14192,64707005
2024/06/27,TE,自營商,96,470188,73,357284,23,112904,137,673921,313,1539758,-176,-865837
2024/06/27,TX,自營商,8722,39666436,8468,38514147,254,1152289,3393,15470068,8648,39429503,-5255,-23959435
2024/06/27,TE,投信,0,0,0,0,0,0,198,974041,0,0,198,974041
2024/06/27,TX,外資,71101,323183152,69830,317420661,1271,5762491,28227,128696363,52629,239954911,-24402,-111258548
2024/06/27,TE,外資,784,3841949,762,3735275,22,106673,317,1559440,689,3389467,-372,-1830027
2024/06/27,MTX,投信,0,0,0,0,0,0,193,219991,13,14818,180,205173
2024/06/27,MTX,自營商,12855,14620874,12935,14709269,-80,-88395,9617,10962138,7699,8776546,1918,2185592
2024/06/27,MTX,外資,131015,148878424,131960,149961516,-945,-1083092,3577,4077241,7652,8722025,-4075,-4644784
2024/06/27,NQF,自營商,19,18961,29,28915,-10,-9953,0,0,310,309535,-310,-309535
2024/06/27,NQF,外資,1410,1409584,1508,1507143,-98,-97559,173,172741,850,849491,-677,-676750
2024/06/27,NQF,投信,0,0,0,0,0,0,6,5991,0,0,6,5991
2024/06/28,TX,自營商,10299,47253136,10442,47927718,-143,-674582,3835,17625825,9225,42397581,-5390,-24771756
2024/06/28,TX,投信,1144,5260403,10,45962,1134,5214442,21735,99894060,6409,29455764,15326,70438296
2024/06/28,TE,自營商,71,352437,58,287654,13,64783,145,720264,308,1529695,-163,-809431
2024/06/28,TE,投信,97,481892,15,74723,82,407169,280,1390592,0,0,280,1390592
2024/06/28,TX,外資,76208,349540485,78315,359194885,-2107,-9654400,29422,135220983,55931,257057630,-26509,-121836647
2024/06/28,MTX,投信,1,1149,3,3446,-2,-2298,194,222906,16,18384,178,204522
2024/06/28,TE,外資,781,3871897,862,4274691,-81,-402795,331,1643914,784,3893658,-453,-2249744
2024/06/28,MTX,外資,145644,166955779,146156,167507485,-512,-551706,3881,4459257,8468,9729605,-4587,-5270348
2024/06/28,MTX,自營商,15278,17521402,13851,15885389,1427,1636013,12141,13951000,8828,10145912,3313,3805088
2024/06/28,NQF,自營商,38,38153,15,14996,23,23158,0,0,287,288722,-287,-288722
2024/06/28,NQF,外資,1868,1872444,2147,2150406,-279,-277963,3,3018,959,965652,-956,-962634
2024/06/28,NQF,投信,0,0,0,0,0,0,6,6036,0,0,6,6036
2024/07/01,TX,自營商,9090,41876903,9572,44104224,-482,-2227321,3660,16833228,9475,43575158,-5815,-26741930
2024/07/01,TE,自營商,169,842460,175,872028,-6,-29568,125,621160,316,1569892,-191,-948732
2024/07/01,TX,外資,66608,306751858,66014,304064881,594,2686978,30864,141932698,56808,261241114,-25944,-119308416
2024/07/01,TX,投信,784,3604820,25,114963,759,3489858,22494,103440908,6409,29472427,16085,73968481
2024/07/01,MTX,自營商,11783,13576694,12210,14059349,-427,-482655,13841,15914909,11183,12861912,2658,3052997
2024/07/01,TE,投信,52,258292,0,0,52,258292,332,1649376,0,0,332,1649376
2024/07/01,TE,外資,541,2694676,608,3028916,-67,-334240,324,1609666,844,4192992,-520,-2583326
2024/07/01,MTX,投信,6,6903,0,0,6,6903,200,229930,16,18394,184,211536
2024/07/01,MTX,外資,127834,147195048,127592,146922536,242,272512,3401,3909967,7630,8771854,-4229,-4861887
2024/07/01,NQF,投信,0,0,0,0,0,0,6,6006,0,0,6,6006
2024/07/02,TX,自營商,11568,52886656,11816,54015844,-248,-1129188,3855,17610883,9959,45490071,-6104,-27879188
2024/07/01,NQF,外資,2029,2039852,2640,2653205,-611,-613353,4,4004,1571,1574033,-1567,-1570029
2024/07/02,TX,投信,368,1680406,332,1515323,36,165083,22652,103451684,6531,29827077,16121,73624607
2024/07/02,TE,自營商,205,1009356,130,640341,75,369015,135,663573,265,1302274,-130,-638701
2024/07/02,TX,外資,76871,351566880,75881,347044108,990,4522772,30164,137762377,55139,251827873,-24975,-114065496
2024/07/01,NQF,自營商,45,45083,33,33098,12,11985,0,0,275,275261,-275,-275261
2024/07/02,MTX,自營商,13896,15889677,14935,17071514,-1039,-1181836,13452,15362858,11669,13335028,1783,2027830
2024/07/02,TE,外資,878,4326454,859,4233021,19,93433,321,1577489,822,4039472,-501,-2461983
2024/07/02,TE,投信,0,0,45,221171,-45,-221171,287,1410375,0,0,287,1410375
2024/07/02,MTX,投信,0,0,2,2284,-2,-2284,200,228350,18,20552,182,207798
2024/07/02,MTX,外資,145224,166067175,145548,166437284,-324,-370109,2426,2769885,6895,7872476,-4469,-5102591
2024/07/02,NQF,自營商,10,10008,30,29960,-20,-19952,0,0,295,295428,-295,-295428
2024/07/02,NQF,外資,1781,1777927,1519,1516024,262,261904,14,14020,1319,1322295,-1305,-1308275
2024/07/03,TX,外資,61512,283075330,61997,285290862,-485,-2215532,29317,135928681,54777,253977730,-25460,-118049049
2024/07/03,TX,自營商,10291,47408620,11298,52064490,-1007,-4655870,3905,18105929,11014,51068667,-7109,-32962738
2024/07/03,TE,投信,31,154480,45,223916,-14,-69436,273,1361123,0,0,273,1361123
2024/07/02,NQF,投信,0,0,0,0,0,0,6,6009,0,0,6,6009
2024/07/03,TE,自營商,137,681098,119,591197,18,89902,153,763034,282,1406005,-129,-642971
2024/07/03,TX,投信,1649,7639305,5,23160,1644,7616145,24097,111728150,6332,29358951,17765,82369199
2024/07/03,TE,外資,531,2636581,541,2687787,-10,-51205,331,1650338,842,4198044,-511,-2547706
2024/07/03,MTX,自營商,18104,20870792,12739,14672177,5365,6198615,18152,21040425,10989,12740382,7163,8300043
2024/07/03,MTX,投信,13,15066,4,4622,9,10443,209,242262,18,20865,191,221397
2024/07/03,MTX,外資,121224,139378756,113470,130444907,7754,8933849,7156,8294833,3849,4461371,3307,3833462
2024/07/03,NQF,自營商,28,28255,16,16157,12,12097,0,0,283,286651,-283,-286651
2024/07/03,NQF,投信,0,0,0,0,0,0,6,6077,0,0,6,6077
2024/07/04,TX,自營商,9454,44413870,10084,47398539,-630,-2984669,3797,17939308,11542,54529391,-7745,-36590083
2024/07/04,TX,投信,1172,5520308,248,1170248,924,4350060,24702,116697188,6013,28406615,18689,88290573
2024/07/04,TE,自營商,181,920486,158,803876,23,116610,211,1078836,325,1661346,-114,-582510
2024/07/04,TX,外資,63424,297694487,64545,302984022,-1121,-5289535,29853,141030617,55479,262095319,-25626,-121064702
2024/07/03,NQF,外資,1693,1702668,1269,1275594,424,427074,6,6077,887,899998,-881,-893921
2024/07/04,TE,投信,7,35684,8,40881,-1,-5197,272,1390410,0,0,272,1390410
2024/07/04,MTX,自營商,11744,13779378,11213,13162107,531,617271,19695,23261386,11977,14149098,7718,9112288
2024/07/04,MTX,投信,2,2362,0,0,2,2362,209,246839,16,18897,193,227942
2024/07/04,TE,外資,936,4759298,883,4491436,53,267862,361,1845405,819,4186564,-458,-2341159
2024/07/04,MTX,外資,123351,144707720,120001,140732248,3350,3975472,6331,7477152,3494,4126435,2837,3350717
2024/07/05,TX,自營商,6389,30166852,5364,25324915,1025,4841938,4195,19780109,10925,51509461,-6730,-31729352
2024/07/04,NQF,自營商,46,46872,8,8139,38,38733,0,0,245,250145,-245,-250145
2024/07/04,NQF,投信,0,0,0,0,0,0,6,6126,0,0,6,6126
2024/07/04,NQF,外資,977,993399,1261,1282276,-284,-288877,0,0,1165,1191217,-1165,-1191217
2024/07/05,TX,投信,516,2431819,46,216811,470,2215008,25173,118670557,6014,28351199,19159,90319358
2024/07/05,TX,外資,37938,179166868,40810,192751413,-2872,-13584545,27560,129924929,56058,264274278,-28498,-134349349
2024/07/05,MTX,投信,0,0,0,0,0,0,209,246317,16,18857,193,227460
2024/07/05,TE,自營商,146,745788,150,765733,-4,-19946,223,1139024,343,1751786,-120,-612762
2024/07/05,TE,投信,11,56146,0,0,11,56146,283,1445338,0,0,283,1445338
2024/07/05,TE,外資,527,2693621,591,3021733,-64,-328112,343,1751795,865,4417728,-522,-2665933
2024/07/05,MTX,自營商,6758,7976658,6681,7887473,77,89186,18883,22256443,11048,13027479,7835,9228964
2024/07/05,MTX,外資,73651,86964066,79685,94099989,-6034,-7135923,2770,3264535,5967,7032289,-3197,-3767754
2024/07/05,NQF,自營商,6,6128,0,0,6,6128,0,0,239,244210,-239,-244210
2024/07/05,NQF,投信,0,0,0,0,0,0,6,6131,0,0,6,6131
2024/07/05,NQF,外資,113,115353,140,143002,-27,-27649,0,0,1192,1219870,-1192,-1219870
2024/07/08,TX,自營商,11363,54014310,11442,54414985,-79,-400675,4936,23605572,11742,56154013,-6806,-32548441
2024/07/08,TX,投信,851,4067745,147,703578,704,3364167,25670,122748782,5807,27767898,19863,94980884
2024/07/08,TX,外資,73354,348262671,73572,349283143,-218,-1020472,28109,134411543,57541,275152343,-29432,-140740800
2024/07/08,TE,自營商,222,1150666,266,1378412,-44,-227746,191,996346,348,1814858,-157,-818512
2024/07/08,TE,外資,1205,6248568,1148,5952602,57,295967,373,1945256,838,4370170,-465,-2424914
2024/07/08,TE,投信,3,15405,10,52244,-7,-36839,276,1439340,0,0,276,1439340
2024/07/08,MTX,自營商,17143,20350270,16343,19389963,800,960307,21598,25819703,12975,15513997,8623,10305706
2024/07/08,MTX,外資,134190,159182564,130471,154735972,3719,4446592,7973,9531254,4587,5483376,3386,4047878
2024/07/08,MTX,投信,78,93179,5,5919,73,87260,280,334703,14,16736,266,317967
2024/07/08,NQF,自營商,28,28815,59,60777,-31,-31962,0,0,270,278235,-270,-278235
2024/07/08,NQF,投信,0,0,0,0,0,0,6,6183,0,0,6,6183
2024/07/08,NQF,外資,1551,1593842,1248,1282754,303,311088,9,9275,898,927294,-889,-918019
2024/07/09,TX,自營商,15756,75205455,14350,68511884,1406,6693571,6255,29879989,11749,56124998,-5494,-26245009
2024/07/09,TX,外資,85034,406103204,90387,431653450,-5353,-25550247,24335,116231266,59120,282374685,-34785,-166143419
2024/07/09,TE,投信,12,62611,0,0,12,62611,288,1504166,0,0,288,1504166
2024/07/09,TX,投信,1702,8126294,135,648141,1567,7478153,27226,130036821,5796,27682855,21430,102353966
2024/07/09,TE,自營商,281,1466061,248,1293491,33,172570,224,1169996,338,1765321,-114,-595325
2024/07/09,TE,外資,1507,7854183,1574,8203081,-67,-348898,330,1723543,862,4502054,-532,-2778511
2024/07/09,MTX,自營商,21745,25964603,22463,26800900,-718,-836297,20006,23890439,11725,14007236,8281,9883203
2024/07/09,MTX,外資,156021,186310715,164268,196149435,-8247,-9838720,3192,3811398,8053,9615691,-4861,-5804293
2024/07/09,MTX,投信,26,31027,3,3579,23,27447,304,362991,15,17911,289,345080
2024/07/09,NQF,投信,0,0,0,0,0,0,6,6224,0,0,6,6224
2024/07/09,NQF,外資,958,990015,968,1000241,-10,-10226,16,16596,915,951112,-899,-934516
2024/07/09,NQF,自營商,28,28952,12,12395,16,16557,0,0,254,263462,-254,-263462
2024/07/10,TX,自營商,10737,51242541,12187,58180017,-1450,-6937476,5306,25470494,12195,58545085,-6889,-33074591
2024/07/10,TX,外資,71193,339652183,69469,331401292,1724,8250891,24821,119146910,58449,280575972,-33628,-161429062
2024/07/10,TX,投信,613,2939182,76,364549,537,2574633,27760,133259064,5793,27808501,21967,105450563
2024/07/10,TE,自營商,210,1092857,201,1045770,9,47087,231,1208849,310,1621934,-79,-413085
2024/07/10,TE,投信,17,88461,0,0,17,88461,305,1595638,0,0,305,1595638
2024/07/10,TE,外資,1259,6549164,1240,6449357,19,99807,388,2029980,901,4713672,-513,-2683692
2024/07/10,MTX,自營商,16786,20037909,14998,17887193,1788,2150715,22748,27299669,12518,15027044,10230,12272625
2024/07/10,MTX,外資,123597,147352279,119779,142781845,3818,4570434,6474,7769392,5248,6297776,1226,1471616
2024/07/10,MTX,投信,7,8354,0,0,7,8354,309,370785,13,15601,296,355184
2024/07/10,NQF,投信,0,0,0,0,0,0,6,6214,0,0,6,6214
2024/07/10,NQF,自營商,3,3108,0,0,3,3108,0,0,251,259948,-251,-259948
2024/07/11,TX,自營商,11395,55276573,11483,55721769,-88,-445196,4590,22371643,11645,56763384,-7055,-34391741
2024/07/10,NQF,外資,673,697325,736,762471,-63,-65147,11,11392,973,1009847,-962,-998455
2024/07/11,TX,外資,68614,332687050,70235,340543419,-1621,-7856368,23678,115406475,58927,287217268,-35249,-171810793
2024/07/11,TX,投信,861,4193029,147,715727,714,3477302,28304,137958913,5623,27407497,22681,110551416
2024/07/11,TE,自營商,213,1129806,172,912355,41,217451,284,1517008,310,1655553,-26,-138545
2024/07/11,TE,投信,0,0,0,0,0,0,305,1628700,0,0,305,1628700
2024/07/11,TE,外資,1131,6010428,1181,6276894,-50,-266466,334,1783784,897,4789992,-563,-3006208
2024/07/11,MTX,自營商,17203,20856987,16382,19857119,821,999868,23136,28191069,11773,14348179,11363,13842890
2024/07/11,MTX,外資,123019,149021606,124880,151251633,-1861,-2230028,5679,6920079,6314,7693698,-635,-773619
2024/07/11,MTX,投信,143,174146,130,158334,13,15812,320,389866,11,13404,309,376462
2024/07/11,NQF,自營商,14,14602,19,19853,-5,-5252,0,0,256,267469,-256,-267469
2024/07/11,NQF,投信,0,0,0,0,0,0,6,6269,0,0,6,6269
2024/07/12,TX,自營商,16661,80017898,14630,70231937,2031,9785961,6937,33045794,11921,56790870,-4984,-23745076
2024/07/12,TX,外資,109565,526443821,113148,543745047,-3583,-17301225,24467,116539123,64796,308623928,-40329,-192084805
2024/07/11,NQF,外資,1566,1627356,1153,1200164,413,427191,46,48061,595,623832,-549,-575771
2024/07/12,TX,投信,3928,18759325,3719,17751462,209,1007863,28809,137213868,5919,28191240,22890,109022628
2024/07/12,TE,投信,31,161018,30,155316,1,5702,306,1580019,0,0,306,1580019
2024/07/12,TE,外資,1730,8985321,1735,9013619,-5,-28298,385,1988879,953,4920818,-568,-2931939
2024/07/12,TE,自營商,290,1509533,246,1283682,44,225851,297,1533622,298,1539061,-1,-5439
2024/07/12,MTX,自營商,23132,27836288,28563,34365411,-5431,-6529123,17353,20664635,11581,13799128,5772,6865507
2024/07/12,MTX,外資,180915,217663343,190205,228902096,-9290,-11238753,4257,5068883,8194,9756837,-3937,-4687954
2024/07/11,ZMX,外資,37148,8537833,43162,9912561,-6014,-1374728,6063,1385624,12,2761,6051,1382863
2024/07/12,MTX,投信,1,1191,2,2394,-1,-1203,319,379868,11,13098,308,366770
2024/07/12,ZMX,外資,37148,8537833,43162,9912561,-6014,-1374728,6063,1385624,12,2761,6051,1382863
2024/07/12,NQF,自營商,48,49766,62,63561,-14,-13795,0,0,270,275765,-270,-275765
2024/07/12,NQF,投信,0,0,0,0,0,0,6,6128,0,0,6,6128
2024/07/12,NQF,外資,2205,2270430,2722,2809094,-517,-538664,14,14299,1080,1106007,-1066,-1091708
2024/07/15,TX,自營商,18130,86728593,18951,90677460,-821,-3948867,5911,28201880,11736,55997723,-5825,-27795843
2024/07/15,TX,外資,122577,586525335,118466,566881320,4111,19644015,24346,116146613,60564,288923909,-36218,-172777296
2024/07/15,TE,投信,72,374305,73,378324,-1,-4018,305,1581477,0,0,305,1581477
2024/07/15,TX,投信,14947,71334418,17042,81321338,-2095,-9986920,26713,127435747,5918,28232107,20795,99203640
2024/07/15,TE,外資,1494,7752005,1426,7400133,68,351873,441,2288674,941,4879361,-500,-2590687
2024/07/15,TE,自營商,189,981136,247,1282581,-58,-301445,227,1176383,281,1456701,-54,-280318
2024/07/15,MTX,投信,11,13120,23,27431,-12,-14311,314,374496,18,21469,296,353027
2024/07/15,MTX,自營商,27961,33489029,24997,29917229,2964,3571800,18798,22419832,9982,11913160,8816,10506672
2024/07/15,NQF,自營商,51,52454,21,21551,30,30903,0,0,240,247428,-240,-247428
2024/07/15,MTX,外資,182398,218329751,180432,215960822,1966,2368929,4881,5821012,6852,8171682,-1971,-2350670
2024/07/15,NQF,外資,1561,1605444,1423,1462972,138,142472,17,17526,945,976929,-928,-959403
2024/07/15,NQF,投信,0,0,0,0,0,0,6,6186,0,0,6,6186
2024/07/16,TX,外資,111908,536311728,112840,540850273,-932,-4538545,24334,116784664,61468,294995883,-37134,-178211219
2024/07/16,TX,自營商,20522,98389089,20701,99280844,-179,-891754,6002,28807804,12031,57749858,-6029,-28942054
2024/07/16,TX,投信,13869,66560136,13448,64546627,421,2013509,27054,129837530,5838,28017730,21216,101819800
2024/07/16,TE,自營商,321,1675559,442,2310820,-121,-635261,170,888972,336,1760064,-166,-871092
2024/07/16,TE,投信,151,791975,147,768370,4,23604,309,1620339,0,0,309,1620339
2024/07/16,TE,外資,1365,7127547,1269,6629770,96,497777,438,2297737,842,4411174,-404,-2113437
2024/07/16,MTX,自營商,33501,40157783,33585,40250708,-84,-92925,18806,22564235,9974,11975335,8832,10588900
2024/07/16,MTX,投信,89,106730,73,87530,16,19200,330,395933,18,21596,312,374337
2024/07/16,NQF,自營商,38,39171,52,53676,-14,-14505,0,0,254,262395,-254,-262395
2024/07/16,MTX,外資,175856,210662922,172641,206806348,3215,3856573,6801,8159448,5621,6743728,1180,1415720
2024/07/16,NQF,投信,0,0,0,0,0,0,6,6198,0,0,6,6198
2024/07/17,TX,自營商,24610,117490686,21306,101808698,3304,15681988,5769,27443099,7643,36363373,-1874,-8920274
2024/07/16,NQF,外資,1548,1598692,1616,1668976,-68,-70283,14,14463,1010,1046246,-996,-1031783
2024/07/17,TX,外資,95190,454801508,99826,476835847,-4636,-22034339,18890,89844515,53732,255551729,-34842,-165707214
2024/07/17,TX,投信,306,1455669,619,2951945,-313,-1496276,26862,127750300,5959,28339812,20903,99410488
2024/07/17,TE,自營商,358,1854034,323,1674494,35,179540,77,398076,256,1323469,-179,-925393
2024/07/17,TE,投信,78,404897,57,294813,21,110084,330,1706034,0,0,330,1706034
2024/07/17,TE,外資,1216,6299698,1363,7060306,-147,-760608,402,2078260,663,3427577,-261,-1349317
2024/07/17,MTX,自營商,31687,37833840,36166,43175711,-4479,-5341871,2251,2680506,17879,21271910,-15628,-18591404
2024/07/17,MTX,投信,10,11945,11,13146,-1,-1201,331,393542,20,23779,311,369763
2024/07/17,MTX,外資,158697,189656120,165736,198057872,-7039,-8401752,2900,3448012,7114,8458339,-4214,-5010327
2024/07/17,NQF,外資,1180,1213929,1480,1522379,-300,-308450,7,7188,1303,1341070,-1296,-1333882
2024/07/17,NQF,自營商,19,19540,8,8228,11,11313,0,0,243,249512,-243,-249512
2024/07/17,NQF,投信,0,0,0,0,0,0,6,6161,0,0,6,6161
2024/07/18,TX,自營商,11834,55283484,11374,53147145,460,2136339,7618,35640126,9045,42324682,-1427,-6684556
2024/07/18,TX,投信,764,3577429,149,697440,615,2879989,27606,129124304,6088,28476011,21518,100648293
2024/07/18,TE,自營商,262,1318258,153,770305,109,547953,141,710273,211,1062891,-70,-352618
2024/07/18,TX,外資,103487,483752955,109511,511850037,-6024,-28097082,18237,85308870,61270,286596731,-43033,-201287861
2024/07/18,TE,外資,1085,5457829,1270,6388148,-185,-930319,335,1687529,781,3934219,-446,-2246690
2024/07/18,TE,投信,0,0,59,296765,-59,-296765,271,1365135,0,0,271,1365135
2024/07/18,MTX,自營商,12461,14558757,13097,15307893,-636,-749136,2991,3502511,19203,22473382,-16212,-18970871
2024/07/18,MTX,外資,207150,242124594,218205,255086198,-11055,-12961604,1824,2132923,8425,9853080,-6601,-7720157
2024/07/18,MTX,投信,1,1170,0,0,1,1170,331,387055,19,22218,312,364837
2024/07/18,NQF,自營商,41,41135,44,44240,-3,-3105,0,0,246,246947,-246,-246947
2024/07/18,NQF,投信,0,0,0,0,0,0,6,6023,0,0,6,6023
2024/07/19,TX,自營商,14799,68302300,14592,67381548,207,920752,8015,36731684,9168,42021788,-1153,-5290104
2024/07/18,NQF,外資,2057,2077788,2486,2511564,-429,-433776,22,22085,1747,1757456,-1725,-1735371
2024/07/19,TX,投信,334,1530675,272,1246900,62,283776,27901,127825641,6321,28959029,21580,98866612
2024/07/19,TX,外資,145968,674961380,140172,647951840,5796,27009540,18832,86285824,56069,256892395,-37237,-170606571
2024/07/19,TE,投信,0,0,0,0,0,0,271,1333266,0,0,271,1333266
2024/07/19,TE,自營商,140,694186,250,1241393,-110,-547206,118,580536,298,1466100,-180,-885564
2024/07/19,TE,外資,849,4209887,741,3674990,108,534897,349,1717010,687,3379913,-338,-1662903
2024/07/19,MTX,自營商,23726,27416019,23017,26588417,709,827602,3364,3858620,19135,21939475,-15771,-18080855
2024/07/19,MTX,外資,273243,315943988,271244,313548540,1999,2395448,1162,1330942,5764,6603684,-4602,-5272742
2024/07/19,MTX,投信,1,1146,5,5785,-4,-4639,327,374529,19,21762,308,352767
2024/07/19,NQF,外資,2479,2479582,2622,2619895,-143,-140313,0,0,1868,1869390,-1868,-1869390
2024/07/19,NQF,自營商,43,42953,86,85738,-43,-42785,0,0,289,288567,-289,-288567
2024/07/19,NQF,投信,0,0,0,0,0,0,6,5991,0,0,6,5991
2024/07/22,TX,投信,579,2592665,462,2069016,117,523648,28235,126345978,6538,29256242,21697,97089736
2024/07/22,TX,自營商,18277,82359553,17894,80592275,383,1767278,10425,46662524,11175,50023444,-750,-3360920
2024/07/22,TE,投信,2,9561,0,0,2,9561,273,1305595,0,0,273,1305595
2024/07/22,TX,外資,137916,623135943,140918,636868223,-3002,-13732280,17956,80357516,58195,260428471,-40239,-180070955
2024/07/22,TE,外資,1337,6441920,1436,6919423,-99,-477503,393,1879483,830,3969396,-437,-2089913
2024/07/22,TE,自營商,224,1077614,200,963022,24,114592,162,774749,318,1520803,-156,-746054
2024/07/22,MTX,投信,0,0,0,0,0,0,327,365815,19,21255,308,344560
2024/07/22,MTX,自營商,23385,26393964,23865,26924415,-480,-530451,5328,5967976,21659,24253454,-16331,-18285478
2024/07/22,MTX,外資,280525,317128698,282527,319411373,-2002,-2282675,2027,2267701,8631,9657394,-6604,-7389693
2024/07/22,NQF,自營商,294,290588,148,146721,146,143867,0,0,143,141570,-143,-141570
2024/07/23,TX,自營商,10157,46118346,11726,53224466,-1569,-7106120,8027,36668773,10369,47371300,-2342,-10702527
2024/07/22,NQF,外資,2026,2008604,2244,2224779,-218,-216175,4,3960,2090,2073354,-2086,-2069394
2024/07/23,TX,投信,1008,4603646,235,1073424,773,3530222,28590,130570530,6120,27950040,22470,102620490
2024/07/22,NQF,投信,0,0,0,0,0,0,6,5940,0,0,6,5940
2024/07/23,TE,自營商,173,842211,128,623514,45,218696,178,871272,290,1419434,-112,-548162
2024/07/23,TE,投信,10,48967,21,102452,-11,-53486,262,1282385,0,0,262,1282385
2024/07/23,TX,外資,78720,356910374,72846,330290069,5874,26620305,20659,94357573,53484,244274304,-32825,-149916731
2024/07/23,MTX,自營商,15642,17757693,13871,15733626,1771,2024068,5038,5756694,19506,22287019,-14468,-16530325
2024/07/23,TE,外資,653,3178640,670,3261266,-17,-82626,425,2080205,879,4302364,-454,-2222159
2024/07/23,MTX,投信,1,1142,4,4557,-3,-3415,323,368785,18,20552,305,348233
2024/07/23,MTX,外資,154337,174790847,141612,160350940,12725,14439907,5608,6403059,5647,6448560,-39,-45501
2024/07/23,NQF,外資,2193,2184532,1986,1978618,207,205914,13,12973,1892,1892485,-1879,-1879512
2024/07/23,NQF,自營商,54,53757,219,218294,-165,-164537,0,0,308,307353,-308,-307353
2024/07/23,NQF,投信,0,0,0,0,0,0,6,5987,0,0,6,5987
2024/07/26,TX,外資,88282,393861698,92868,414292560,-4586,-20430863,18517,81841444,55928,247177558,-37411,-165336114
2024/07/26,TX,自營商,14635,64985818,13763,61139652,872,3846166,8964,39627965,10405,46003544,-1441,-6375579
2024/07/26,TE,投信,14,65736,0,0,14,65736,276,1294771,0,0,276,1294771
2024/07/26,TE,自營商,168,789077,149,699825,19,89252,190,891383,283,1327672,-93,-436289
2024/07/26,MTX,自營商,19229,21371711,18060,20090190,1169,1281521,2429,2686832,16089,17799394,-13660,-15112562
2024/07/26,TE,外資,577,2710199,575,2705388,2,4811,388,1820186,840,3940616,-452,-2120430
2024/07/26,MTX,投信,0,0,0,0,0,0,323,356850,18,19886,305,336964
2024/07/26,MTX,外資,160503,179402367,169625,189569253,-9122,-10166886,2708,2992236,11793,13030754,-9085,-10038518
2024/07/26,TX,投信,813,3593894,431,1905638,382,1688256,29366,129774227,6514,28786669,22852,100987558
2024/07/26,NQF,自營商,4,3986,142,136823,-138,-132837,0,0,446,426153,-446,-426153
2024/07/26,NQF,外資,2214,2205090,2085,2074474,129,130616,26,24843,1776,1700467,-1750,-1675624
2024/07/26,NQF,投信,0,0,0,0,0,0,6,5733,0,0,6,5733
2024/07/29,TX,外資,80322,358107158,79250,353358030,1072,4749128,18143,80766713,54440,242338855,-36297,-161572142
2024/07/29,TX,自營商,9518,42456344,10126,45176585,-608,-2720241,8386,37339784,10433,46460220,-2047,-9120436
2024/07/29,TE,自營商,78,370236,107,507939,-29,-137703,171,809253,293,1386597,-122,-577344
2024/07/29,TX,投信,277,1233062,335,1491484,-58,-258421,29165,129819248,6371,28358595,22794,101460653
2024/07/29,TE,投信,19,89828,2,9459,17,80369,293,1386535,0,0,293,1386535
2024/07/29,TE,外資,542,2572444,533,2530855,9,41589,371,1755646,814,3852019,-443,-2096373
2024/07/29,MTX,投信,4,4448,0,0,4,4448,326,362773,17,18918,309,343855
2024/07/29,MTX,自營商,14312,15976103,14188,15834298,124,141805,3851,4289069,17382,19365467,-13531,-15076398
2024/07/29,MTX,外資,166715,185841973,164993,183919695,1722,1922278,2163,2407344,9694,10788848,-7531,-8381504
2024/07/29,ZMX,投信,0,0,0,0,0,0,0,0,0,0,0,0
2024/07/29,ZMX,外資,21,4700,41,9177,-20,-4476,0,0,20,4451,-20,-4451
2024/07/29,NQF,自營商,72,69456,24,23150,48,46305,0,0,398,384568,-398,-384568
2024/07/29,ZMX,自營商,6101,1360989,7661,1709130,-1560,-348141,4,891,1629,362569,-1625,-361678
2024/07/29,NQF,投信,0,0,0,0,0,0,6,5798,0,0,6,5798
2024/07/30,TX,自營商,13899,61277208,13855,61104878,44,172331,8737,38896049,10788,48032816,-2051,-9136767
2024/07/29,NQF,外資,3038,2916004,3282,3145423,-244,-229419,6,5798,2000,1935607,-1994,-1929809
2024/07/30,TE,投信,4,18931,2,9474,2,9457,295,1397415,0,0,295,1397415
2024/07/30,TX,外資,88805,391449428,91541,403673533,-2736,-12224106,18307,81482531,57340,255202957,-39033,-173720426
2024/07/30,TE,自營商,131,614590,185,870808,-54,-256217,154,729539,330,1563264,-176,-833725
2024/07/30,TX,投信,467,2077025,325,1436882,142,640143,29249,130169750,6313,28095375,22936,102074375
2024/07/30,TE,外資,887,4161646,868,4072473,19,89173,383,1814271,807,3822766,-424,-2008495
2024/07/30,MTX,投信,1,1113,0,0,1,1113,326,362708,16,17802,310,344906
2024/07/30,MTX,外資,187580,206692644,190631,210087173,-3051,-3394528,1069,1189739,11651,12964469,-10582,-11774730
2024/07/30,ZMX,外資,0,0,0,0,0,0,0,0,20,4450,-20,-4450
2024/07/30,ZMX,自營商,18979,4186129,19534,4306428,-555,-120299,380,84561,1525,339409,-1145,-254848
2024/07/30,MTX,自營商,20637,22767205,19949,22011524,688,755681,4169,4642658,17027,18968187,-12858,-14325529
2024/07/30,ZMX,投信,0,0,0,0,0,0,0,0,0,0,0,0
2024/07/30,NQF,投信,0,0,0,0,0,0,6,5760,0,0,6,5760
2024/07/30,NQF,自營商,77,74227,120,115096,-43,-40869,0,0,441,423360,-441,-423360
2024/07/31,TX,自營商,12349,54660159,12937,57293326,-588,-2633167,7614,33945155,10313,45984714,-2699,-12039559
2024/07/30,NQF,外資,2350,2264665,2531,2438281,-181,-173617,0,0,2175,2091543,-2175,-2091543
2024/07/31,TE,投信,4,18922,4,18881,0,41,295,1396707,0,0,295,1396707
2024/07/31,TE,外資,714,3365973,760,3581686,-46,-215713,353,1671314,823,3896583,-470,-2225269
2024/07/31,TX,外資,95626,423017020,93722,414743123,1904,8273897,19315,86090628,56444,251573655,-37129,-165483027
2024/07/31,TX,投信,164,730073,151,672378,13,57695,29258,130397054,6309,28117951,22949,102279103
2024/07/31,MTX,投信,0,0,6,6683,-6,-6683,320,356544,16,17827,304,338717
2024/07/31,MTX,自營商,21588,23921467,22729,25179348,-1141,-1257881,3016,3362303,17416,19425100,-14400,-16062797
2024/07/31,TE,自營商,113,530737,77,362059,36,168678,159,752842,299,1415700,-140,-662858
2024/07/31,MTX,外資,187612,207552654,184603,204218706,3009,3333947,3306,3683822,10892,12137149,-7586,-8453327
2024/07/31,ZMX,自營商,21435,4747840,20582,4551867,853,195972,3612,804908,479,106811,3133,698097
2024/07/31,ZMX,外資,1,223,0,0,1,223,1,223,20,4457,-19,-4234
2024/07/31,NQF,自營商,36,34382,167,159566,-131,-125183,0,0,572,549377,-572,-549377
2024/07/31,NQF,投信,0,0,0,0,0,0,6,5763,0,0,6,5763
2024/07/31,ZMX,投信,0,0,0,0,0,0,0,0,0,0,0,0
2024/07/31,NQF,外資,2427,2314227,2795,2667894,-368,-353667,14,13446,2557,2459477,-2543,-2446031
2024/08/01,TX,投信,1874,8489285,87,393873,1787,8095412,30787,139526684,6051,27423132,24736,112103552
2024/08/01,TE,自營商,170,818634,140,674565,30,144068,195,942665,301,1455089,-106,-512424
2024/08/01,TE,投信,0,0,0,0,0,0,295,1426089,0,0,295,1426089
2024/08/01,TX,外資,83125,375097271,87550,395078423,-4425,-19981152,19247,87233252,60589,274600781,-41342,-187367529
2024/08/01,TX,自營商,9717,43861663,9359,42266396,358,1595266,7351,33321617,9859,44696766,-2508,-11375149
2024/08/01,TE,外資,1188,5724086,1231,5930942,-43,-206856,434,2098043,947,4577987,-513,-2479944
2024/08/01,MTX,自營商,13598,15349164,13772,15543831,-174,-194667,3543,4015775,17710,20078308,-14167,-16062533
2024/08/01,MTX,投信,0,0,0,0,0,0,320,362560,16,18128,304,344432
2024/08/01,MTX,外資,161355,182001291,163081,183922560,-1726,-1921269,2898,3283643,13058,14795677,-10160,-11512034
2024/08/01,ZMX,投信,0,0,0,0,0,0,0,0,0,0,0,0
2024/08/01,NQF,外資,2927,2845476,2462,2393390,465,452086,12,11814,2090,2061106,-2078,-2049292
2024/08/01,ZMX,外資,0,0,1,226,-1,-226,0,0,20,4532,-20,-4532
2024/08/01,NQF,投信,0,0,0,0,0,0,6,5907,0,0,6,5907
2024/08/01,ZMX,自營商,22028,4969054,21720,4897390,308,71663,4802,1088154,56,12743,4746,1075411
2024/08/02,TX,投信,274,1183340,1094,4727447,-820,-3544107,30550,131523860,6634,28560697,23916,102963163
2024/08/02,TX,自營商,18134,79697971,15603,68475472,2531,11222498,9234,39761215,9362,40325885,-128,-564670
2024/08/02,TX,外資,117004,515754714,118002,520553199,-998,-4798485,18688,80460576,63788,274630781,-45100,-194170205
2024/08/01,NQF,自營商,133,130574,25,24279,108,106295,0,0,464,456808,-464,-456808
2024/08/02,TE,投信,0,0,0,0,0,0,295,1336468,0,0,295,1336468
2024/08/02,TE,自營商,225,1043904,199,927370,26,116535,198,897037,279,1264003,-81,-366966
2024/08/02,TE,外資,1285,5954454,1284,5955494,1,-1040,460,2083985,972,4403550,-512,-2319565
2024/08/02,MTX,外資,230437,254377975,242293,267640431,-11856,-13262457,3105,3342074,14081,15156373,-10976,-11814299
2024/08/02,MTX,自營商,22800,25110654,23528,25927641,-728,-816986,6071,6536486,21742,23423080,-15671,-16886594
2024/08/02,ZMX,自營商,27320,6028699,43543,9624691,-16223,-3595993,1204,259173,5781,1244878,-4577,-985705
2024/08/02,ZMX,外資,0,0,0,0,0,0,0,0,20,4305,-20,-4305
2024/08/02,ZMX,投信,0,0,0,0,0,0,0,0,0,0,0,0
2024/08/02,NQF,自營商,96,91092,154,147617,-58,-56526,0,0,522,489740,-522,-489740
2024/08/02,MTX,投信,0,0,0,0,0,0,320,344416,16,17221,304,327195
2024/08/02,NQF,外資,3355,3229302,3742,3607808,-387,-378507,11,10320,2476,2327066,-2465,-2316746
2024/08/02,NQF,投信,0,0,0,0,0,0,6,5629,0,0,6,5629
2024/08/05,TX,自營商,24318,98687803,22235,89888455,2083,8799348,8385,32504461,6718,26049979,1667,6454482
2024/08/05,TX,外資,173448,710174278,169433,693811208,4015,16363070,18818,72920854,58264,225774044,-39446,-152853190
2024/08/05,TE,外資,1900,8020531,1841,7758923,59,261609,471,1920458,924,3767520,-453,-1847062
2024/08/05,TE,自營商,273,1152729,275,1157146,-2,-4417,193,786977,275,1121353,-82,-334376
2024/08/05,TX,投信,742,2879203,1359,5314713,-617,-2435510,31151,120703895,7852,30424930,23299,90278965
2024/08/05,TE,投信,0,0,23,96258,-23,-96258,281,1145749,9,36697,272,1109052
2024/08/05,MTX,自營商,39565,40292147,35761,36347226,3804,3944921,7190,6970544,19066,18488819,-11876,-11518275
2024/08/05,MTX,投信,0,0,31,31329,-31,-31329,289,279954,16,15499,273,264455
2024/08/05,MTX,外資,365698,374523966,350259,358608518,15439,15915448,9324,9032409,11417,11060495,-2093,-2028086
2024/08/05,ZMX,投信,0,0,0,0,0,0,0,0,0,0,0,0
2024/08/05,ZMX,外資,0,0,0,0,0,0,0,0,20,3875,-20,-3875
2024/08/05,NQF,外資,5238,4820702,4586,4225679,652,595023,11,9745,1824,1618905,-1813,-1609160
2024/08/05,ZMX,自營商,48794,10023150,48290,9877052,504,146098,6081,1178162,4349,843338,1732,334824
2024/08/05,NQF,投信,0,0,0,0,0,0,6,5316,0,0,6,5316
2024/08/06,TX,自營商,18815,75501722,21900,87961699,-3085,-12459977,7438,30412304,8576,35073941,-1138,-4661637
2024/08/06,TE,投信,0,0,10,43154,-10,-43154,271,1170286,9,38866,262,1131420
2024/08/06,TX,投信,2557,10480167,616,2455319,1941,8024848,33294,136205754,8054,32948914,25240,103256840
2024/08/05,NQF,自營商,623,572580,426,389587,197,182993,0,0,325,287934,-325,-287934
2024/08/06,TE,自營商,276,1169618,232,987947,44,181671,217,937087,255,1101182,-38,-164095
2024/08/06,TE,外資,1757,7495857,1793,7659224,-36,-163368,438,1891459,927,4003156,-489,-2111697
2024/08/06,MTX,外資,438039,436750594,426717,425742350,11322,11008243,13525,13831918,10464,10699748,3061,3132170
2024/08/06,MTX,投信,6,6163,17,17394,-11,-11231,278,284325,16,16364,262,267961
2024/08/06,MTX,自營商,47623,47513469,46303,46215036,1320,1298433,6621,6766479,17010,17384307,-10389,-10617828
2024/08/06,ZMX,自營商,79382,15833478,68170,13607524,11212,2225955,7092,1450304,583,118933,6509,1331371
2024/08/06,NQF,自營商,402,360264,380,339345,22,20919,0,0,303,278139,-303,-278139
2024/08/06,ZMX,投信,0,0,0,0,0,0,0,0,0,0,0,0
2024/08/06,ZMX,外資,2922,601289,2922,601204,0,84,0,0,20,4091,-20,-4091
2024/08/06,TX,外資,187824,752132634,185445,743332664,2379,8799970,21454,87748608,56979,233061169,-35525,-145312561
2024/08/06,NQF,投信,0,0,0,0,0,0,6,5508,0,0,6,5508
2024/08/07,TX,自營商,16778,69906798,17947,74802634,-1169,-4895836,5879,24855598,8210,34712983,-2331,-9857385
2024/08/07,TX,投信,1842,7800333,243,1030043,1599,6770289,34251,144826928,7412,31340901,26839,113486027
2024/08/06,NQF,外資,8416,7523574,8541,7638482,-125,-114908,17,15605,1955,1798086,-1938,-1782481
2024/08/07,TE,投信,2,9018,0,0,2,9018,273,1229155,9,40522,264,1188633
2024/08/07,TE,自營商,353,1560754,503,2203383,-150,-642629,121,544769,367,1652300,-246,-1107531
2024/08/07,TX,外資,149124,616984810,147935,612388601,1189,4596210,24475,103485499,56407,238503115,-31932,-135017616
2024/08/07,MTX,投信,3,3174,0,0,3,3174,280,295988,15,15857,265,280131
2024/08/07,MTX,自營商,40387,41764812,43030,44525515,-2643,-2760703,4914,5192944,18293,19334707,-13379,-14141763
2024/08/07,TE,外資,1758,7761652,1543,6836771,215,924882,583,2624896,857,3858554,-274,-1233658
2024/08/07,MTX,外資,331728,342222807,329407,339749386,2321,2473421,6035,6379436,10270,10855960,-4235,-4476524
2024/08/07,ZMX,投信,0,0,0,0,0,0,0,0,0,0,0,0
2024/08/07,ZMX,外資,5940,1236677,5909,1230567,31,6110,31,6554,20,4228,11,2326
2024/08/07,ZMX,自營商,66552,13738993,60718,12494179,5834,1244814,16969,3587455,2906,614334,14063,2973121
2024/08/08,TX,自營商,12033,50346868,11147,46705234,886,3641634,6174,25549894,7518,31118513,-1344,-5568619
2024/08/07,NQF,自營商,129,117960,381,348656,-252,-230696,0,0,555,509379,-555,-509379
2024/08/07,NQF,外資,3706,3383202,3689,3366213,17,16989,0,0,1921,1766588,-1921,-1766588
2024/08/08,TE,投信,0,0,15,66275,-15,-66275,258,1132259,9,39497,249,1092762
2024/08/08,TX,投信,237,983227,368,1524895,-131,-541668,34459,142646476,7751,32085984,26708,110560492
2024/08/08,TE,自營商,172,765812,187,830200,-15,-64388,147,645068,408,1790388,-261,-1145320
2024/08/08,TX,外資,122580,514369058,122432,513823843,148,545216,24700,102236769,56509,233901203,-31809,-131664434
2024/08/08,TE,外資,782,3461575,768,3403895,14,57680,577,2532210,837,3673252,-260,-1141042
2024/08/08,MTX,自營商,31053,32565146,29517,30954527,1536,1610619,7030,7273794,18951,19608025,-11921,-12334231
2024/08/07,NQF,投信,0,0,0,0,0,0,6,5507,0,0,6,5507
2024/08/08,MTX,投信,0,0,2,2071,-2,-2071,280,289772,17,17593,263,272179
2024/08/08,MTX,外資,281108,295273990,287148,301614590,-6040,-6340600,2438,2522686,12613,13051866,-10175,-10529180
2024/08/08,ZMX,外資,24394,5115275,24383,5113885,11,1390,43,8900,21,4346,22,4554
2024/08/08,NQF,自營商,148,134366,216,196282,-68,-61916,0,0,623,559516,-623,-559516
2024/08/08,ZMX,自營商,47748,10049084,57516,12088696,-9768,-2039612,13478,2789579,10813,2237944,2665,551635
2024/08/09,TX,自營商,12905,54962619,13772,58661258,-867,-3698639,6125,26288729,8264,35496471,-2139,-9207742
2024/08/08,NQF,投信,0,0,0,0,0,0,6,5389,0,0,6,5389
2024/08/09,TX,外資,125415,532630484,125612,533492093,-197,-861609,25921,111347616,57927,248815257,-32006,-137467641
2024/08/09,TX,投信,1642,7052497,376,1611133,1266,5441364,35696,153371434,7722,33178213,27974,120193221
2024/08/08,NQF,外資,3741,3424112,3620,3314113,121,109999,0,0,1800,1620047,-1800,-1620047
2024/08/09,TE,自營商,137,621501,179,813354,-42,-191853,133,609538,437,2002564,-304,-1393026
2024/08/09,TE,外資,607,2753770,570,2585343,37,168427,589,2699486,812,3721549,-223,-1022063
2024/08/09,TE,投信,6,27300,3,13653,3,13647,261,1196215,9,41249,252,1154966
2024/08/09,MTX,自營商,27058,28718172,26996,28656046,62,62126,6464,6934097,18788,20167548,-12324,-13233451
2024/08/09,MTX,外資,259584,275186902,252700,267852369,6884,7334533,7244,7780221,10535,11312560,-3291,-3532339
2024/08/08,ZMX,投信,0,0,0,0,0,0,0,0,0,0,0,0
2024/08/09,ZMX,自營商,44285,9387036,34645,7329874,9640,2057162,24191,5196333,11001,2362859,13190,2833474
2024/08/09,ZMX,投信,0,0,0,0,0,0,0,0,0,0,0,0
2024/08/09,MTX,投信,0,0,0,0,0,0,280,300762,17,18261,263,282501
2024/08/09,ZMX,外資,36550,7746195,36551,7747650,-1,-1455,41,8801,20,4297,21,4504
2024/08/09,NQF,投信,0,0,0,0,0,0,6,5558,0,0,6,5558
2024/08/12,TX,自營商,10312,44699289,10252,44471928,60,227361,6097,26412624,7858,34055541,-1761,-7642917
2024/08/12,TX,投信,896,3885587,865,3756664,31,128923,36161,156765167,8155,35353332,28006,121411835
2024/08/09,NQF,自營商,230,209594,169,155494,61,54100,0,0,562,520553,-562,-520553
2024/08/09,NQF,外資,3265,2980770,3252,2970338,13,10433,13,12041,1800,1670524,-1787,-1658483
2024/08/12,TE,自營商,156,722233,135,624844,21,97389,142,655912,425,1962953,-283,-1307041
2024/08/12,TX,外資,93987,406743679,96693,418605770,-2706,-11862091,23616,102360740,58328,252807828,-34712,-150447088
2024/08/12,TE,投信,4,18480,0,0,4,18480,265,1224141,9,41575,256,1182566
2024/08/12,TE,外資,540,2501280,628,2909424,-88,-408143,508,2346638,819,3783280,-311,-1436642
2024/08/12,MTX,投信,1,1085,44,47715,-43,-46631,236,255777,16,17341,220,238436
2024/08/12,MTX,外資,214351,231798882,218320,236089235,-3969,-4290353,5153,5584081,12413,13450666,-7260,-7866585
2024/08/12,ZMX,投信,0,0,0,0,0,0,0,0,0,0,0,0
2024/08/12,MTX,自營商,21824,23610625,21967,23774472,-143,-163846,6815,7378904,20418,22117414,-13603,-14738510
2024/08/12,ZMX,自營商,28800,6233732,30233,6531363,-1433,-297632,21911,4749102,10834,2347964,11077,2401138
2024/08/12,NQF,外資,1916,1777544,2204,2045885,-288,-268341,7,6530,2082,1945232,-2075,-1938702
2024/08/12,NQF,自營商,83,77346,108,100597,-25,-23252,0,0,587,547554,-587,-547554
2024/08/12,ZMX,外資,36739,7945273,36803,7960905,-64,-15632,0,0,43,9321,-43,-9321
2024/08/12,NQF,投信,0,0,0,0,0,0,6,5597,0,0,6,5597
2024/08/13,TX,投信,696,3029951,254,1105175,442,1924776,36123,157286716,7675,33418283,28448,123868433
2024/08/13,TX,自營商,7652,33281799,8498,36986797,-846,-3704999,5782,25159329,8250,35910868,-2468,-10751539
2024/08/13,TX,外資,69301,301581654,70469,306716229,-1168,-5134576,23221,101086277,59115,257343954,-35894,-156257677
2024/08/13,TE,自營商,107,497508,122,566983,-15,-69475,137,637254,437,2032578,-300,-1395324
2024/08/13,MTX,自營商,17555,19090059,16842,18314296,713,775764,6833,7431121,20092,21856924,-13259,-14425803
2024/08/13,TE,投信,0,0,12,55699,-12,-55699,253,1176855,9,41864,244,1134991
2024/08/13,MTX,外資,138068,150199989,137755,149869712,313,330277,5651,6150550,12542,13650359,-6891,-7499809
2024/08/13,MTX,投信,2,2177,19,20675,-17,-18497,217,236215,14,15240,203,220975
2024/08/13,TE,外資,742,3447455,714,3317028,28,130427,499,2321138,782,3637546,-283,-1316408
2024/08/13,ZMX,投信,0,0,0,0,0,0,0,0,0,0,0,0
2024/08/13,ZMX,自營商,21106,4595063,20126,4376665,980,218398,21817,4749475,10695,2328076,11122,2421399
2024/08/13,ZMX,外資,27762,6038881,27789,6045779,-27,-6898,0,0,70,15240,-70,-15240
2024/08/13,NQF,自營商,142,132505,5,4679,137,127827,0,0,450,421200,-450,-421200
2024/08/13,NQF,投信,0,0,0,0,0,0,6,5616,0,0,6,5616
2024/08/13,NQF,外資,1319,1230896,1394,1301228,-75,-70332,19,17784,2169,2033078,-2150,-2015294
2024/08/14,TX,投信,727,3197544,725,3189743,2,7801,36725,161560454,8275,36403122,28450,125157332
2024/08/14,TX,外資,72405,317997348,69684,306064030,2721,11933318,25718,113108140,58927,259144843,-33209,-146036703
2024/08/14,TE,投信,0,0,20,94187,-20,-94187,233,1094634,9,42282,224,1052352
2024/08/14,TE,自營商,128,602479,130,611064,-2,-8585,184,864408,487,2287374,-303,-1422966
2024/08/14,MTX,投信,3,3302,132,145112,-129,-141811,85,93483,11,12098,74,81385
2024/08/14,TE,外資,675,3174375,656,3086296,19,88079,497,2334674,761,3575170,-264,-1240496
2024/08/14,ZMX,自營商,23266,5105823,20766,4556246,2500,549577,22231,4889173,2334,512866,19897,4376307
2024/08/14,MTX,外資,138805,152328557,137185,150567063,1620,1761495,5917,6506351,11012,12107964,-5095,-5601613
2024/08/14,MTX,自營商,21627,23749224,21367,23461073,260,288151,5188,5696070,19425,21346841,-14237,-15650771
2024/08/14,TX,自營商,12120,53274545,11963,52622339,157,652206,7025,30874512,9342,41083854,-2317,-10209342
2024/08/14,NQF,自營商,44,41897,167,157337,-123,-115440,0,0,573,547788,-573,-547788
2024/08/14,NQF,外資,1578,1492876,1328,1255715,250,237161,1,956,1901,1820230,-1900,-1819274
2024/08/14,ZMX,投信,0,0,0,0,0,0,0,0,0,0,0,0
2024/08/14,ZMX,外資,23857,5234814,23839,5231786,18,3028,0,0,52,11438,-52,-11438
2024/08/14,NQF,投信,0,0,0,0,0,0,6,5736,0,0,6,5736
2024/08/15,TX,投信,212,927537,1742,7636322,-1530,-6708784,35495,155040458,8575,37455158,26920,117585300
2024/08/15,TX,外資,76197,334709355,76140,334569019,57,140336,26406,115304291,59558,260052867,-33152,-144748576
2024/08/15,TX,自營商,9975,43814747,9175,40323945,800,3490802,7157,31230153,8421,36768759,-1264,-5538606
2024/08/15,TE,外資,584,2741906,564,2648495,20,93411,508,2369267,752,3507621,-244,-1138354
2024/08/15,TE,投信,0,0,0,0,0,0,233,1086805,9,41980,224,1044825
2024/08/15,MTX,自營商,19258,21145992,19197,21072788,61,73204,5162,5627571,20706,22593879,-15544,-16966308
2024/08/15,TE,自營商,85,399043,102,477942,-17,-78899,178,830247,497,2317583,-319,-1487336
2024/08/15,MTX,投信,0,0,2,2184,-2,-2184,85,92820,13,14196,72,78624
2024/08/15,MTX,外資,153257,168333632,156185,171554771,-2928,-3221138,5919,6462713,13942,15221416,-8023,-8758703
2024/08/15,ZMX,自營商,21233,4669069,25207,5532168,-3974,-863099,20486,4473695,2783,607364,17703,3866331
2024/08/15,NQF,自營商,60,57441,46,43976,14,13465,0,0,559,536305,-559,-536305
2024/08/15,ZMX,投信,0,0,0,0,0,0,0,0,0,0,0,0
2024/08/15,ZMX,外資,29618,6505591,29806,6547885,-188,-42294,0,0,240,52416,-240,-52416
2024/08/15,NQF,投信,0,0,0,0,0,0,6,5756,0,0,6,5756
2024/08/15,NQF,外資,1691,1616487,1647,1574111,44,42376,8,7675,1864,1791445,-1856,-1783770
2024/08/16,TE,自營商,200,955293,181,863969,19,91325,189,904626,489,2340148,-300,-1435522
2024/08/16,TX,外資,83016,369497045,84816,377570914,-1800,-8073869,26696,119361127,61648,275643572,-34952,-156282445
2024/08/16,TX,投信,4911,21941604,4356,19485707,555,2455897,35337,158033869,7862,35166152,27475,122867717
2024/08/16,TE,投信,4,19123,15,71710,-11,-52586,232,1110509,19,90877,213,1019632
2024/08/16,TX,自營商,10959,48815058,12126,53966191,-1167,-5151132,6465,28898070,8259,36924902,-1794,-8026832
2024/08/16,TE,外資,959,4583343,962,4601062,-3,-17720,587,2809247,834,3991831,-247,-1182584
2024/08/16,MTX,自營商,19882,22053873,18105,20091659,1777,1962214,5787,6462985,19756,22078525,-13969,-15615540
2024/08/16,ZMX,自營商,15801,3504099,13100,2906334,2701,597764,11639,2602385,2965,662867,8674,1939518
2024/08/16,ZMX,投信,0,0,0,0,0,0,0,0,0,0,0,0
2024/08/16,ZMX,外資,31888,7071816,26738,5933893,5150,1137922,4930,1102595,20,4473,4910,1098122
2024/08/16,MTX,外資,133313,147990903,132783,147471117,530,519787,6627,7409880,14120,15787557,-7493,-8377677
2024/08/16,NQF,自營商,136,131296,48,46646,88,84650,0,0,471,463229,-471,-463229
2024/08/16,NQF,投信,0,0,0,0,0,0,6,5901,0,0,6,5901
2024/08/19,TX,投信,21208,94926534,21111,94586411,97,340123,35132,156946287,7560,33773432,27572,123172855
2024/08/19,TX,外資,99995,447275725,99698,445872290,297,1403435,27959,124932418,62614,279724133,-34655,-154791715
2024/08/16,NQF,外資,1596,1548477,1488,1443949,108,104528,74,73577,1822,1795631,-1748,-1722054
2024/08/19,TE,自營商,192,922960,133,639298,59,283662,198,951304,444,2132957,-246,-1181653
2024/08/19,TX,自營商,11738,52498877,11011,49277974,727,3220903,7669,34257654,8466,37834155,-797,-3576501
2024/08/16,MTX,投信,55,61427,54,60352,1,1075,85,94982,12,13399,73,81583
2024/08/19,MTX,投信,0,0,0,0,0,0,85,94948,12,13392,73,81556
2024/08/19,TE,投信,167,803230,159,766303,8,36927,240,1151785,19,91216,221,1060569
2024/08/19,TE,外資,971,4670756,1071,5149235,-100,-478479,494,2372392,841,4038190,-347,-1665798
2024/08/19,MTX,自營商,16073,17963837,17544,19603207,-1471,-1639369,4208,4698050,20971,23429150,-16763,-18731100
2024/08/19,MTX,外資,119400,133411336,121828,136129659,-2428,-2718323,5183,5793779,15104,16884016,-9921,-11090237
2024/08/19,ZMX,自營商,14672,3280296,18386,4104528,-3714,-824232,9395,2100362,3220,719518,6175,1380844
2024/08/19,NQF,自營商,32,31356,94,91926,-62,-60570,0,0,533,522527,-533,-522527
2024/08/19,ZMX,投信,0,0,0,0,0,0,0,0,0,0,0,0
2024/08/20,TX,自營商,15395,69119426,14972,67181784,423,1937642,6572,29467392,6748,30241655,-176,-774263
2024/08/20,TX,投信,16801,75332845,16924,75957571,-123,-624727,35378,158523038,7929,35527068,27449,122995970
2024/08/19,ZMX,外資,23248,5194654,24398,5449519,-1150,-254865,3915,875433,155,34604,3760,840829
2024/08/19,NQF,外資,1081,1059629,1207,1182633,-126,-123004,136,134833,2010,1975066,-1874,-1840233
2024/08/19,NQF,投信,0,0,0,0,0,0,6,5882,0,0,6,5882
2024/08/20,TX,外資,77743,349029761,78726,353423304,-983,-4393543,26344,118092251,61982,277805322,-35638,-159713071
2024/08/20,TE,投信,40,192832,31,149504,9,43328,240,1156152,10,48154,230,1107998
2024/08/20,TE,自營商,307,1481092,274,1322887,33,158205,178,857957,389,1876587,-211,-1018630
2024/08/20,TE,外資,685,3311450,754,3643025,-69,-331575,393,1894816,809,3898635,-416,-2003819
2024/08/20,MTX,投信,43,48156,43,48224,0,-68,85,95213,12,13442,73,81771
2024/08/20,MTX,外資,97689,109592446,97888,109834204,-199,-241758,4575,5131190,14695,16481684,-10120,-11350494
2024/08/20,MTX,自營商,17053,19121416,15986,17918427,1067,1202989,2594,2907860,18898,21183644,-16304,-18275784
2024/08/20,ZMX,投信,0,0,0,0,0,0,0,0,0,0,0,0
2024/08/20,ZMX,外資,17171,3852249,18861,4231719,-1690,-379470,2225,499179,155,34731,2070,464448
2024/08/20,NQF,自營商,27,26802,37,36403,-10,-9601,0,0,543,540529,-543,-540529
2024/08/20,ZMX,自營商,12114,2716841,11400,2555637,714,161203,8843,1983902,2874,644244,5969,1339658
2024/08/21,TX,自營商,14274,63609690,13121,58482415,1153,5127275,4825,21424638,6197,27516777,-1372,-6092139
2024/08/20,NQF,投信,0,0,0,0,0,0,6,5973,0,0,6,5973
2024/08/21,TX,外資,60616,270259550,62894,280389115,-2278,-10129565,19282,85619789,56283,249918990,-37001,-164299201
2024/08/21,TX,投信,1265,5624516,2178,9684042,-913,-4059526,35021,155507248,8485,37676794,26536,117830454
2024/08/20,NQF,外資,1107,1091453,1012,997144,95,94309,184,185225,1963,1958951,-1779,-1773726
2024/08/21,TE,自營商,228,1089483,218,1041560,10,47923,118,560571,128,608077,-10,-47506
2024/08/21,MTX,投信,0,0,2,2220,-2,-2220,85,94359,14,15541,71,78818
2024/08/21,TE,外資,546,2604367,551,2627409,-5,-23042,218,1035631,666,3163900,-448,-2128269
2024/08/21,TE,投信,38,181003,38,181506,0,-503,240,1140144,10,47506,230,1092638
2024/08/21,MTX,外資,93405,104197548,95659,106721252,-2254,-2523703,1996,2215760,4776,5301825,-2780,-3086065
2024/08/21,MTX,自營商,20452,22801457,22578,25166545,-2126,-2365088,1366,1517903,11000,12212289,-9634,-10694386
2024/08/21,ZMX,外資,14907,3326251,18507,4129990,-3600,-803739,0,0,135,29973,-135,-29973
2024/08/21,ZMX,自營商,9942,2218305,16224,3617428,-6282,-1399123,54,11986,6893,1530366,-6839,-1518380
2024/08/21,ZMX,投信,0,0,0,0,0,0,0,0,0,0,0,0
2024/08/21,NQF,自營商,63,62528,124,123216,-61,-60687,0,0,604,599319,-604,-599319
2024/08/22,TX,自營商,6664,29510661,6060,26839647,604,2671014,5217,23058249,5997,26505322,-780,-3447073
2024/08/21,NQF,投信,0,0,0,0,0,0,6,5954,0,0,6,5954
2024/08/21,NQF,外資,960,954171,969,962727,-9,-8556,232,233007,2020,2010134,-1788,-1777127
2024/08/22,TX,外資,64301,284793973,60389,267547322,3912,17246652,21587,95414401,54677,241672062,-33090,-146257661
2024/08/22,TE,投信,0,0,0,0,0,0,240,1135872,10,47328,230,1088544
2024/08/22,TX,投信,294,1299455,734,3243539,-440,-1944085,35053,154934260,8957,39589930,26096,115344330
2024/08/22,TE,外資,520,2463744,536,2538831,-16,-75087,204,965491,668,3161510,-464,-2196019
2024/08/22,TE,自營商,50,236856,93,440496,-43,-203639,117,553738,170,804576,-53,-250838
2024/08/22,MTX,投信,0,0,8,8836,-8,-8836,79,87295,16,17680,63,69615
2024/08/22,MTX,外資,115416,127831723,116530,129084996,-1114,-1253273,2575,2845374,6469,7148247,-3894,-4302873
2024/08/22,MTX,自營商,8913,9872189,10104,11190818,-1191,-1318629,1772,1959782,12548,13865728,-10776,-11905946
2024/08/22,ZMX,投信,0,0,0,0,0,0,0,0,0,0,0,0
2024/08/22,ZMX,外資,20091,4451744,23781,5269189,-3690,-817445,0,0,3825,845325,-3825,-845325
2024/08/22,ZMX,自營商,15320,3395702,14258,3156317,1062,239385,4181,923991,9963,2201743,-5782,-1277752
2024/08/22,NQF,投信,0,0,0,0,0,0,6,5973,0,0,6,5973
2024/08/22,NQF,自營商,148,146911,29,28857,119,118055,0,0,485,482842,-485,-482842
2024/08/23,TX,投信,206,911207,99,437252,107,473955,35062,155135325,8859,39197527,26203,115937798
2024/08/22,NQF,外資,1319,1311405,1245,1238118,74,73287,302,304169,2016,2013280,-1714,-1709111
2024/08/23,TX,外資,73404,323328406,75174,331272794,-1770,-7944388,19671,87036067,54531,241277394,-34860,-154241327
2024/08/23,TE,自營商,109,514923,100,471020,9,43904,107,507308,149,706439,-42,-199131
2024/08/23,TX,自營商,8318,36638930,7221,31818150,1097,4820781,6271,27745466,5889,26053831,382,1691635
2024/08/23,TE,投信,0,0,40,189672,-40,-189672,200,948240,10,47412,190,900828
2024/08/23,MTX,自營商,10231,11277240,10967,12089234,-736,-811994,1987,2200273,12058,13337322,-10071,-11137049
2024/08/23,ZMX,自營商,16447,3628187,11147,2455900,5300,1172287,877,194012,9864,2182083,-8987,-1988071
2024/08/23,MTX,外資,141882,156249918,139276,153428500,2606,2821418,2993,3310698,4281,4735447,-1288,-1424749
2024/08/23,ZMX,投信,0,0,0,0,0,0,0,0,0,0,0,0
2024/08/23,ZMX,外資,35805,7884407,37859,8335216,-2054,-450809,2166,479184,8045,1779795,-5879,-1300611
2024/08/23,TE,外資,611,2880162,643,3031581,-32,-151419,189,896087,685,3247722,-496,-2351635
2024/08/23,NQF,外資,1774,1756391,1984,1962505,-210,-206114,325,323993,2249,2221786,-1924,-1897793
2024/08/23,NQF,投信,0,0,0,0,0,0,6,5910,0,0,6,5910
2024/08/23,NQF,自營商,95,93853,109,107339,-14,-13486,0,0,499,491515,-499,-491515
2024/08/26,TX,投信,940,4174820,351,1558628,589,2616192,35940,159645480,9148,40635406,26792,119010074
2024/08/23,MTX,投信,0,0,0,0,0,0,79,87386,16,17698,63,69688
2024/08/26,TX,外資,76949,342995500,78329,349213601,-1380,-6218101,20892,92801809,57881,257106751,-36989,-164304942
2024/08/26,TX,自營商,8703,38801532,9085,40517488,-382,-1715955,6034,26801191,6016,26718995,18,82196
2024/08/26,TE,自營商,113,539579,112,535570,1,4009,123,583608,166,787637,-43,-204029
2024/08/26,TE,外資,708,3382497,670,3200199,38,182298,290,1375992,748,3549110,-458,-2173118
2024/08/26,MTX,外資,149473,166589119,150321,167545302,-848,-956183,4970,5519164,4110,4564121,860,955043
2024/08/26,MTX,自營商,12480,13915573,13987,15589296,-1507,-1673723,2013,2235233,13295,14760816,-11282,-12525583
2024/08/26,ZMX,投信,0,0,0,0,0,0,0,0,0,0,0,0
2024/08/26,MTX,投信,1,1110,0,0,1,1110,79,87730,15,16658,64,71072
2024/08/26,TE,投信,3,14410,40,191358,-37,-176947,163,773402,10,47448,153,725954
2024/08/26,ZMX,自營商,13233,2952337,11828,2634621,1405,317717,549,121921,9971,2214362,-9422,-2092441
2024/08/26,NQF,自營商,77,76036,159,156848,-82,-80811,8,7921,589,583169,-581,-575248
2024/08/26,NQF,外資,1897,1875039,1825,1804267,72,70772,326,326538,2178,2163275,-1852,-1836737
2024/08/26,ZMX,外資,42259,9421095,44230,9855950,-1971,-434856,2100,466410,9950,2209895,-7850,-1743485
2024/08/26,NQF,投信,0,0,0,0,0,0,6,5941,0,0,6,5941
2024/08/27,TE,自營商,83,391875,100,472026,-17,-80151,132,624170,190,898434,-58,-274264
2024/08/27,TX,自營商,7214,31895067,6294,27845859,920,4049208,6771,29996805,5843,25883490,928,4113315
2024/08/27,TX,外資,53689,237493171,54202,239775596,-513,-2282425,19479,86299007,56981,252448009,-37502,-166149002
2024/08/27,TE,外資,483,2279684,451,2129832,32,149851,370,1749582,796,3763966,-426,-2014384
2024/08/27,TX,投信,556,2463972,1069,4735590,-513,-2271618,34902,154629821,8623,38203321,26279,116426500
2024/08/27,TE,投信,0,0,3,14189,-3,-14189,160,756576,10,47286,150,709290
2024/08/27,MTX,自營商,8757,9683826,9702,10729668,-945,-1045842,2059,2282086,14227,15756068,-12168,-13473982
2024/08/27,ZMX,自營商,8586,1901688,8632,1907795,-46,-6107,788,174549,10351,2292764,-9563,-2118215
2024/08/27,MTX,投信,74,81970,2,2214,72,79755,151,167248,15,16614,136,150634
2024/08/27,MTX,外資,99102,109615125,101515,112293923,-2413,-2678799,3773,4178939,5326,5898994,-1553,-1720055
2024/08/27,ZMX,外資,26589,5884101,30844,6823629,-4255,-939528,0,0,12105,2681500,-12105,-2681500
2024/08/27,NQF,投信,0,0,0,0,0,0,6,5886,0,0,6,5886
2024/08/27,ZMX,投信,0,0,0,0,0,0,0,0,0,0,0,0
2024/08/27,NQF,自營商,0,0,10,9908,-10,-9908,8,7848,599,587649,-591,-579801
2024/08/28,TX,自營商,9522,42281125,10429,46366477,-907,-4085352,5814,26050276,5887,26375234,-73,-324958
2024/08/27,NQF,外資,945,929616,1139,1120753,-194,-191137,348,345171,2394,2355749,-2046,-2010578
2024/08/28,TE,自營商,69,328275,151,718039,-82,-389764,126,605578,267,1283309,-141,-677731
2024/08/28,TX,外資,63276,281010260,63027,279964458,249,1045802,19696,88257339,56939,255142866,-37243,-166885527
2024/08/28,TE,外資,599,2849212,590,2807769,9,41443,414,1989850,831,3994118,-417,-2004268
2024/08/28,MTX,自營商,15012,16684502,14443,16038790,569,645712,837,937197,11475,12851032,-10638,-11913835
2024/08/28,MTX,投信,3,3361,0,0,3,3361,151,169158,12,13443,139,155715
2024/08/28,TE,投信,0,0,0,0,0,0,160,769024,10,48064,150,720960
2024/08/28,MTX,外資,119589,132752189,114995,127650842,4594,5101347,5269,5902583,2255,2526137,3014,3376446
2024/08/28,TX,投信,616,2758439,0,0,616,2758439,35315,158246515,8420,37730014,26895,120516501
2024/08/28,ZMX,自營商,17848,3970809,9911,2198273,7937,1772535,917,205439,5988,1341407,-5071,-1135968
2024/08/28,ZMX,外資,33379,7413659,31127,6905372,2252,508288,1517,339884,11370,2547449,-9853,-2207565
2024/08/28,ZMX,投信,0,0,0,0,0,0,0,0,0,0,0,0
2024/08/29,TX,投信,229,1015327,1408,6239938,-1179,-5224611,33940,150469596,8224,36460278,25716,114009318
2024/08/28,NQF,自營商,19,18643,0,0,19,18643,8,7857,580,569647,-572,-561790
2024/08/28,NQF,外資,1087,1065581,1198,1174676,-111,-109095,348,345890,2505,2467945,-2157,-2122055
2024/08/28,NQF,投信,0,0,0,0,0,0,6,5893,0,0,6,5893
2024/08/29,TE,自營商,112,531457,88,417170,24,114287,128,607463,246,1167467,-118,-560004
2024/08/29,TE,投信,0,0,0,0,0,0,160,759328,10,47458,150,711870
2024/08/29,TX,自營商,7803,34618581,7593,33699588,210,918994,6254,27725402,6126,27157032,128,568370
2024/08/29,TX,外資,75960,337593567,75688,336455284,272,1138283,18526,82132900,55497,246039987,-36971,-163907087
2024/08/29,MTX,自營商,13632,15126691,15184,16854527,-1552,-1727836,1837,2036692,14106,15633212,-12269,-13596520
2024/08/29,MTX,投信,0,0,3,3324,-3,-3324,151,167361,15,16625,136,150736
2024/08/29,TE,外資,452,2143873,460,2183319,-8,-39446,430,2040694,855,4057659,-425,-2016965
2024/08/29,MTX,外資,136765,152024922,141266,157081911,-4501,-5056989,1334,1478532,5578,6182345,-4244,-4703813
2024/08/29,ZMX,自營商,10637,2367305,14511,3221451,-3874,-854146,396,87773,8766,1943028,-8370,-1855255
2024/08/29,ZMX,外資,39353,8755989,49021,10911167,-9668,-2155178,9,1995,5745,1273494,-5736,-1271499
2024/08/29,NQF,投信,0,0,0,0,0,0,6,5796,0,0,6,5796
2024/08/29,NQF,外資,1464,1425630,1607,1565558,-143,-139929,344,336372,2644,2562183,-2300,-2225811
2024/08/29,ZMX,投信,0,0,0,0,0,0,0,0,0,0,0,0
2024/08/30,TX,投信,186,830092,101,450486,85,379606,33911,151365140,8110,36199792,25801,115165348
2024/08/30,TX,自營商,5479,24446989,6314,28185513,-835,-3738525,5504,24566126,6190,27626595,-686,-3060469
2024/08/29,NQF,自營商,51,49351,24,23238,27,26113,20,19321,565,545818,-545,-526497
2024/08/30,TE,自營商,112,535057,158,754713,-46,-219655,121,577041,284,1354396,-163,-777355
2024/08/30,TE,外資,620,2959577,644,3074122,-24,-114545,403,1921907,852,4063188,-449,-2141281
2024/08/30,MTX,自營商,11468,12802658,10144,11321306,1324,1481352,1543,1721827,11784,13147269,-10241,-11425442
2024/08/30,TE,投信,0,0,0,0,0,0,160,763040,10,47690,150,715350
2024/08/30,ZMX,投信,0,0,0,0,0,0,0,0,0,0,0,0
2024/08/30,MTX,投信,0,0,1,1116,-1,-1116,150,167385,15,16739,135,150646
2024/08/30,TX,外資,65400,291977999,67983,303504733,-2583,-11526734,19235,85857039,58789,262410037,-39554,-176552998
2024/08/30,MTX,外資,119062,132905803,116825,130387727,2237,2518076,2085,2326639,4315,4815080,-2230,-2488441
2024/08/30,ZMX,自營商,14857,3321424,6709,1496250,8148,1825174,3188,711491,7350,1640189,-4162,-928698
2024/08/30,NQF,投信,0,0,0,0,0,0,6,5847,0,0,6,5847
2024/08/30,NQF,自營商,66,64248,30,29140,36,35108,20,19489,529,515484,-509,-495995
2024/08/30,ZMX,外資,33854,7558798,35208,7858709,-1354,-299911,0,0,5975,1333501,-5975,-1333501
2024/08/30,NQF,外資,1971,1926367,2095,2045474,-124,-119108,353,347981,2777,2713163,-2424,-2365182
2024/09/02,TX,投信,0,0,654,2905787,-654,-2905787,33326,148047422,8179,36334384,25147,111713038
2024/09/02,TE,自營商,142,675538,98,466343,44,209196,119,565147,238,1130310,-119,-565163
2024/09/02,TX,外資,64355,286609307,64496,287305606,-141,-696299,20011,88896554,60463,268600506,-40452,-179703952
2024/09/02,TE,外資,431,2051759,442,2104664,-11,-52905,439,2084899,899,4269531,-460,-2184632
2024/09/02,TE,投信,0,0,0,0,0,0,160,759872,10,47492,150,712380
2024/09/02,TX,自營商,6930,30863401,6178,27516505,752,3346896,6149,27315773,6049,26871396,100,444377
2024/09/02,MTX,自營商,11572,12891549,12675,14115844,-1103,-1224295,1851,2056420,13043,14485466,-11192,-12429046
2024/09/02,ZMX,投信,0,0,0,0,0,0,0,0,0,0,0,0
2024/09/02,MTX,外資,119379,132923106,123431,137453243,-4052,-4530137,2668,2963068,5922,6576921,-3254,-3613853
2024/09/02,ZMX,自營商,9753,2175713,11054,2459915,-1301,-284203,2576,572177,9479,2105445,-6903,-1533268
2024/09/02,MTX,投信,0,0,7,7777,-7,-7777,145,161037,17,18880,128,142157
2024/09/02,NQF,投信,0,0,0,0,0,0,6,5879,0,0,6,5879
2024/09/02,ZMX,外資,33412,7443386,39741,8847407,-6329,-1404020,0,0,12304,2732963,-12304,-2732963
2024/09/03,TX,投信,258,1139278,1326,5852501,-1068,-4713223,32023,141227835,7944,35034633,24079,106193202
2024/09/02,NQF,外資,1761,1721200,1526,1491171,235,230029,401,397394,2590,2545666,-2189,-2148272
2024/09/02,NQF,自營商,96,93778,48,46922,48,46856,20,19597,481,471308,-461,-451711
2024/09/03,TX,自營商,6743,29888702,6556,29069472,187,819230,6111,26949474,5771,25448440,340,1501034
2024/09/03,TE,投信,0,0,5,23640,-5,-23640,160,753888,15,70677,145,683211
2024/09/03,TE,外資,523,2480115,484,2295997,39,184118,486,2289935,907,4273603,-421,-1983668
2024/09/03,TE,自營商,82,389163,98,464622,-16,-75459,114,537137,249,1173238,-135,-636101
2024/09/03,MTX,自營商,10717,11877760,11025,12218562,-308,-340802,1775,1957048,12937,14261138,-11162,-12304090
2024/09/03,TX,外資,46923,208078035,43714,193893875,3209,14184160,20736,91450159,57979,255698755,-37243,-164248596
2024/09/03,MTX,外資,83970,93104136,81639,90523832,2331,2580304,2908,3206231,4377,4825894,-1469,-1619663
2024/09/03,MTX,投信,0,0,1,1104,-1,-1104,145,159870,18,19846,127,140024
2024/09/03,NQF,自營商,5,4910,29,28379,-24,-23470,20,19565,505,494016,-485,-474451
2024/09/03,ZMX,外資,26475,5874553,29716,6587369,-3241,-712816,0,0,12815,2825836,-12815,-2825836
2024/09/03,ZMX,投信,0,0,0,0,0,0,0,0,0,0,0,0
2024/09/03,ZMX,自營商,7568,1680240,7488,1657684,80,22556,1870,412351,11443,2523153,-9573,-2110802
2024/09/04,TX,自營商,17303,73782793,16286,69429277,1017,4353517,5874,24600944,4671,19564606,1203,5036338
2024/09/03,NQF,投信,0,0,6,5883,-6,-5883,0,0,0,0,0,0
2024/09/03,NQF,外資,515,504887,443,434130,72,70756,390,386060,2507,2460378,-2117,-2074318
2024/09/04,TX,投信,240,1006469,1893,7946346,-1653,-6939877,31222,130757736,8796,36837664,22426,93920072
2024/09/04,TE,自營商,277,1245880,166,751808,111,494072,129,572767,157,697084,-28,-124317
2024/09/04,TX,外資,125714,537052116,119486,510561970,6228,26490147,18873,79042156,49790,208522119,-30917,-129479963
2024/09/04,MTX,自營商,22209,23695161,21885,23413814,324,281346,2223,2327938,12569,13162954,-10346,-10835016
2024/09/04,TE,外資,874,3937953,835,3764395,39,173558,512,2273280,894,3969360,-382,-1696080
2024/09/04,MTX,外資,215997,231144496,210619,225454905,5378,5689591,5190,5433981,2265,2371712,2925,3062269
2024/09/04,TE,投信,0,0,6,27062,-6,-27062,154,683760,15,66600,139,617160
2024/09/04,MTX,投信,0,0,2,2094,-2,-2094,144,150768,19,19893,125,130875
2024/09/04,ZMX,自營商,14658,3139081,14313,3070833,345,68248,1283,268662,11886,2489306,-10603,-2220644
2024/09/04,ZMX,投信,0,0,0,0,0,0,0,0,0,0,0,0
2024/09/04,ZMX,外資,69090,14810329,71462,15340729,-2372,-530400,18,3769,11995,2511775,-11977,-2508006
2024/09/04,NQF,外資,2198,2114354,2119,2040680,79,73674,426,406734,2464,2331100,-2038,-1924366
2024/09/04,NQF,投信,0,0,0,0,0,0,0,0,0,0,0,0
2024/09/05,TX,投信,203,860216,149,629166,54,231050,31225,132287835,8745,37049081,22480,95238754
2024/09/05,TX,自營商,8581,36461946,9503,40374150,-922,-3912205,4244,17980516,4273,18104347,-29,-123831
2024/09/05,TX,外資,88569,376218965,84722,359875907,3847,16343058,21179,89728735,46848,198478044,-25669,-108749309
2024/09/04,NQF,自營商,234,222011,59,56612,175,165399,20,18860,330,311190,-310,-292330
2024/09/05,TE,自營商,161,725742,206,930109,-45,-204367,137,616640,209,940709,-72,-324069
2024/09/05,MTX,投信,1,1059,1,1059,0,0,145,153577,20,21183,125,132394
2024/09/05,MTX,自營商,13854,14711385,14873,15790607,-1019,-1079223,1439,1524382,11075,11731320,-9636,-10206938
2024/09/05,MTX,外資,169286,179736050,162592,172635555,6694,7100494,7069,7487184,2571,2723226,4498,4763958
2024/09/05,TE,外資,965,4357218,861,3887646,104,469572,438,1971438,716,3222716,-278,-1251278
2024/09/05,ZMX,自營商,13905,2953170,8660,1838491,5245,1114679,1898,402055,9701,2055143,-7803,-1653088
2024/09/05,NQF,自營商,204,193143,112,105998,92,87145,104,98524,322,305047,-218,-206523
2024/09/05,ZMX,外資,61717,13105436,58305,12375741,3412,729695,81,17160,11061,2343055,-10980,-2325895
2024/09/05,NQF,投信,0,0,0,0,0,0,0,0,0,0,0,0
2024/09/05,NQF,外資,1824,1730156,1842,1746502,-18,-16347,573,549086,2629,2498705,-2056,-1949619
2024/09/05,ZMX,投信,0,0,0,0,0,0,0,0,0,0,0,0
2024/09/05,TE,投信,5,22561,0,0,5,22561,159,715660,15,67515,144,648145
2024/09/06,TX,外資,84204,358500171,87221,371361477,-3017,-12861306,19885,84772938,47416,202142885,-27531,-117369947
2024/09/06,TX,自營商,8537,36306333,8694,37023941,-157,-717608,4474,19073192,4769,20330792,-295,-1257600
2024/09/06,MTX,自營商,14040,14938550,14315,15237145,-275,-298595,1805,1924441,11227,11966269,-9422,-10041828
2024/09/06,TE,自營商,125,566924,115,519968,10,46957,124,562269,186,843399,-62,-281130
2024/09/06,TE,外資,813,3683234,776,3517096,37,166137,425,1927120,666,3019910,-241,-1092790
2024/09/06,MTX,投信,3,3197,0,0,3,3197,145,154541,17,18119,128,136422
2024/09/06,TE,投信,0,0,0,0,0,0,159,720970,15,68016,144,652954
2024/09/06,ZMX,自營商,14050,2993189,13096,2781562,954,211627,2560,545676,9674,2062067,-7114,-1516391
2024/09/06,MTX,外資,168328,179180421,166757,177491528,1571,1688894,4306,4589351,2721,2900050,1585,1689301
2024/09/06,ZMX,投信,0,0,0,0,0,0,0,0,0,0,0,0
2024/09/06,NQF,外資,1947,1845077,2132,2021791,-185,-176713,587,560701,2828,2676865,-2241,-2116164
2024/09/06,NQF,投信,0,0,0,0,0,0,0,0,0,0,0,0
2024/09/06,TX,投信,834,3555745,173,737503,661,2818243,32025,136528980,8884,37874263,23141,98654717
2024/09/06,NQF,自營商,118,111578,109,102797,9,8781,104,98020,313,295003,-209,-196983
2024/09/06,ZMX,外資,65205,13888931,61310,13052913,3895,836018,20,4264,7785,1659450,-7765,-1655186
2024/09/09,TX,自營商,13246,55601062,11754,49368888,1492,6232174,5568,23477208,4400,18552000,1168,4925208
2024/09/09,TX,外資,117414,492754797,117922,495218445,-508,-2463649,18504,78022810,46601,196495997,-28097,-118473187
2024/09/09,TE,外資,808,3592782,874,3897180,-66,-304399,432,1935446,739,3310868,-307,-1375422
2024/09/09,TE,自營商,151,673381,157,701301,-6,-27920,132,591384,199,891559,-67,-300175
2024/09/09,TE,投信,21,93538,0,0,21,93538,165,739232,0,0,165,739232
2024/09/09,MTX,自營商,22117,23207247,22912,24067279,-795,-860032,2663,2807641,12679,13365228,-10016,-10557587
2024/09/09,TX,投信,492,2075569,328,1384444,164,691125,32120,135437089,8815,37169321,23305,98267768
2024/09/09,ZMX,自營商,24126,5067995,20690,4355071,3436,712924,4078,859745,8181,1724672,-4103,-864927
2024/09/09,MTX,外資,214661,225365024,213317,224118975,1344,1246049,5880,6198384,2985,3146684,2895,3051700
2024/09/09,MTX,投信,4,4190,0,0,4,4190,149,157068,17,17921,132,139147
2024/09/09,ZMX,外資,85837,18026205,89560,18821540,-3723,-795335,22,4638,10540,2222147,-10518,-2217509
2024/09/09,NQF,自營商,150,139420,264,247262,-114,-107842,104,96538,427,396363,-323,-299825
2024/09/09,ZMX,投信,0,0,0,0,0,0,0,0,0,0,0,0
2024/09/10,TX,自營商,9239,39038045,10011,42294452,-772,-3256407,5799,24360720,5368,22550358,431,1810362
2024/09/09,NQF,外資,3229,3009789,3074,2867386,155,142403,721,676576,2807,2617316,-2086,-1940740
2024/09/09,NQF,投信,0,0,0,0,0,0,0,0,0,0,0,0
2024/09/10,TE,投信,2,8928,15,67320,-13,-58392,167,745250,15,66882,152,678368
2024/09/10,TX,外資,82603,349206176,81412,344268514,1191,4937662,17832,74910814,44797,188189592,-26965,-113278778
2024/09/10,TE,自營商,133,596509,119,534571,14,61938,141,629173,195,870207,-54,-241034
2024/09/10,MTX,自營商,12969,13708138,13507,14275466,-538,-567327,3273,3437947,13508,14186678,-10235,-10748731
2024/09/10,TX,投信,740,3109166,45,189396,695,2919770,32506,136557623,8506,35733698,24000,100823925
2024/09/10,TE,外資,725,3253065,685,3073583,40,179482,425,1896605,692,3088119,-267,-1191514
2024/09/10,MTX,投信,0,0,3,3152,-3,-3152,146,153337,17,17854,129,135483
2024/09/10,MTX,外資,148868,157386098,147881,156369356,987,1016742,7143,7501920,3288,3453234,3855,4048686
2024/09/10,ZMX,外資,55166,11668266,58650,12403001,-3484,-734734,0,0,12687,2664903,-12687,-2664903
2024/09/10,NQF,自營商,108,100612,54,50328,54,50284,104,96860,373,347394,-269,-250534
2024/09/10,NQF,投信,0,0,0,0,0,0,0,0,0,0,0,0
2024/09/10,NQF,外資,1683,1568623,1557,1450418,126,118205,756,711245,2716,2540712,-1960,-1829467
2024/09/11,TX,自營商,9972,41931264,9973,41955628,-1,-24364,6042,25384461,5620,23610999,422,1773462
2024/09/11,TX,投信,442,1857010,88,369440,354,1487570,32713,137433978,8359,35117837,24354,102316141
2024/09/11,TX,外資,78281,329113035,78906,331791476,-625,-2678441,17981,75543059,45708,192030758,-27727,-116487699
2024/09/11,TE,外資,346,1545630,378,1688850,-32,-143220,396,1764996,695,3097615,-299,-1332619
2024/09/11,TE,投信,18,80285,0,0,18,80285,185,824559,15,66927,170,757632
2024/09/11,TE,自營商,119,531544,102,455164,17,76380,130,579439,167,744319,-37,-164880
2024/09/11,MTX,自營商,14953,15723382,14033,14756725,920,966658,2996,3146956,12153,12764297,-9157,-9617341
2024/09/11,MTX,投信,2,2099,0,0,2,2099,148,155444,17,17855,131,137589
2024/09/10,ZMX,自營商,11165,2364432,10419,2203326,746,161106,3413,716860,9065,1904010,-5652,-1187150
2024/09/11,MTX,外資,139467,146583766,141022,148224839,-1555,-1641074,5779,6069702,3190,3350546,2589,2719156
2024/09/11,ZMX,投信,0,0,0,0,0,0,0,0,0,0,0,0
2024/09/11,ZMX,自營商,10129,2131267,8397,1764544,1732,366722,4375,919052,9440,1983002,-5065,-1063950
2024/09/10,ZMX,投信,0,0,0,0,0,0,0,0,0,0,0,0
2024/09/11,ZMX,外資,59997,12612295,60056,12618738,-59,-6443,1,210,11347,2383552,-11346,-2383342
2024/09/11,NQF,自營商,122,114375,40,37534,82,76842,104,97448,291,272667,-187,-175219
2024/09/11,NQF,外資,1654,1549622,1705,1597509,-51,-47887,588,557218,2599,2444624,-2011,-1887406
2024/09/12,TX,投信,2151,9336742,1899,8240412,252,1096331,32785,142309813,8179,35501767,24606,106808046
2024/09/11,NQF,投信,0,0,0,0,0,0,0,0,0,0,0,0
2024/09/12,TX,外資,108080,462593934,110865,474674728,-2785,-12080794,21256,92275720,51626,224103449,-30370,-131827729
2024/09/12,TE,投信,8,37243,3,13955,5,23288,190,884166,15,69900,175,814266
2024/09/12,TX,自營商,13152,56508524,13031,55960397,121,548127,6065,26327593,5506,23901537,559,2426056
2024/09/12,MTX,自營商,21693,23201467,21771,23264294,-78,-62827,5047,5478429,14302,15520700,-9255,-10042271
2024/09/12,TE,自營商,133,611500,156,718925,-23,-107425,92,428166,151,702677,-59,-274511
2024/09/12,MTX,投信,109,118234,108,117080,1,1153,145,157389,13,14107,132,143282
2024/09/12,MTX,外資,175245,187067916,171036,182634682,4209,4433234,8908,9666611,2107,2286601,6801,7380010
2024/09/12,ZMX,投信,0,0,0,0,0,0,0,0,0,0,0,0
2024/09/12,TE,外資,969,4477387,1045,4831481,-76,-354093,414,1926739,789,3671612,-375,-1744873
2024/09/12,ZMX,自營商,22927,4893296,13156,2804672,9771,2088624,14939,3242451,10453,2268756,4486,973695
2024/09/12,ZMX,外資,76015,16208584,70479,15016034,5536,1192550,125,27131,8790,1907694,-8665,-1880563
2024/09/12,NQF,投信,0,0,0,0,0,0,0,0,0,0,0,0
2024/09/12,NQF,外資,2548,2402017,2613,2463704,-65,-61687,611,598013,2687,2607654,-2076,-2009641
2024/09/13,TX,自營商,8281,36005633,7833,34063830,448,1941803,6421,28020301,5403,23577410,1018,4442891
2024/09/13,TE,自營商,69,321536,70,326332,-1,-4796,98,457894,162,756922,-64,-299028
2024/09/13,TX,投信,15462,67257963,15371,66839160,91,418802,32814,143200532,8117,35423188,24697,107777344
2024/09/13,TE,外資,324,1509214,323,1504650,1,4564,402,1878515,776,3625530,-374,-1747015
2024/09/13,TX,外資,87514,380324758,88951,386609975,-1437,-6285216,23199,101243524,54979,239926258,-31780,-138682734
2024/09/13,MTX,自營商,11398,12384025,11305,12284915,93,99110,4970,5423475,14108,15390907,-9138,-9967432
2024/09/13,TE,投信,29,135382,19,88567,10,46815,200,934573,15,70200,185,864373
2024/09/13,MTX,投信,17,18519,13,14182,4,4337,149,162587,13,14188,136,148399
2024/09/12,NQF,自營商,71,67182,147,141001,-76,-73819,104,100464,367,354522,-263,-254058
2024/09/13,MTX,外資,106937,116148237,107935,117225175,-998,-1076938,8393,9154757,2880,3141720,5513,6013037
2024/09/13,ZMX,自營商,8986,1954096,10896,2364971,-1910,-410875,13328,2907897,11092,2419972,2236,487925
2024/09/13,NQF,投信,0,0,0,0,0,0,0,0,0,0,0,0
2024/09/13,NQF,外資,1741,1685147,1906,1845697,-165,-160550,991,973300,3232,3162377,-2241,-2189077
2024/09/13,ZMX,投信,0,0,0,0,0,0,0,0,0,0,0,0
2024/09/13,NQF,自營商,73,70605,67,64867,6,5738,104,101358,361,351831,-257,-250473
2024/09/13,ZMX,外資,45561,9897958,46881,10182638,-1320,-284680,62,13537,9137,1993237,-9075,-1979700
2024/09/16,TX,外資,77495,338208306,77970,340338553,-475,-2130246,23854,104127827,56130,245046554,-32276,-140918727
2024/09/16,TX,投信,22660,98950493,22955,100185314,-295,-1234821,32393,141452020,7991,34894749,24402,106557271
2024/09/16,TE,投信,120,561536,122,569539,-2,-8003,198,924471,15,70068,183,854403
2024/09/16,TX,自營商,9621,41987320,9875,43103353,-254,-1116033,5659,24700034,5281,23051045,378,1648989
2024/09/16,TE,外資,1016,4745441,1022,4774328,-6,-28887,400,1868070,780,3640748,-380,-1772678
2024/09/16,TE,自營商,160,746509,157,733186,3,13323,105,489713,159,741966,-54,-252253
2024/09/16,ZMX,自營商,7874,1718896,8973,1957440,-1099,-238544,12385,2702352,11248,2454093,1137,248259
2024/09/16,MTX,投信,39,42587,44,48003,-5,-5416,144,157205,13,14192,131,143013
2024/09/16,MTX,外資,72007,78553272,73307,79971021,-1300,-1417748,7147,7796173,2855,3115037,4292,4681136
2024/09/16,ZMX,投信,0,0,0,0,0,0,0,0,0,0,0,0
2024/09/16,MTX,自營商,10193,11122389,10765,11745573,-572,-623183,5022,5481206,13188,14388265,-8166,-8907059
2024/09/16,NQF,投信,0,0,0,0,0,0,0,0,0,0,0,0
2024/09/16,NQF,外資,598,584250,616,601835,-18,-17585,1022,1005331,3281,3215832,-2259,-2210501
2024/09/16,NQF,自營商,21,20453,20,19458,1,996,104,101520,360,351414,-256,-249894
2024/09/16,ZMX,外資,28146,6141937,28817,6286659,-671,-144721,104,22701,9825,2143324,-9721,-2120623
2024/09/18,TX,自營商,16687,72512024,14489,62997626,2198,9514397,3850,16704825,3436,14909217,414,1795608
2024/09/18,TE,外資,602,2791219,668,3097561,-66,-306341,309,1427333,567,2619086,-258,-1191753
2024/09/18,TX,投信,1197,5204574,768,3341383,429,1863191,32809,142351689,7978,34614946,24831,107736743
2024/09/18,TX,外資,59691,259470217,61023,265273209,-1332,-5802992,16733,72601193,47210,204834946,-30477,-132233753
2024/09/18,TE,投信,57,264669,52,241453,5,23216,203,937698,15,69288,188,868410
2024/09/18,TE,自營商,215,996240,196,907848,19,88393,44,203245,90,415728,-46,-212483
2024/09/18,MTX,自營商,19220,20889104,21684,23567915,-2464,-2678812,1578,1711890,8208,8904363,-6630,-7192473
2024/09/18,MTX,投信,0,0,2,2170,-2,-2170,144,156197,15,16271,129,139926
2024/09/18,ZMX,自營商,14637,3182984,20622,4477615,-5985,-1294631,2775,602019,4297,932266,-1522,-330247
2024/09/18,MTX,外資,88836,96530194,91056,98946256,-2220,-2416062,2263,2454699,3707,4021024,-1444,-1566325
2024/09/18,ZMX,投信,0,0,0,0,0,0,0,0,0,0,0,0
2024/09/18,NQF,投信,0,0,0,0,0,0,0,0,0,0,0,0
2024/09/19,TX,自營商,6740,29465956,7746,33924081,-1006,-4458125,3650,16114376,4251,18767495,-601,-2653119
2024/09/18,NQF,自營商,21,20386,35,33904,-14,-13518,105,102107,375,364669,-270,-262562
2024/09/18,ZMX,外資,29025,6307627,32275,7013378,-3250,-705752,39,8462,2054,445618,-2015,-437156
2024/09/18,NQF,外資,1088,1058632,953,929749,135,128883,1329,1300063,3453,3373171,-2124,-2073108
2024/09/19,TE,自營商,74,344638,70,326355,4,18283,53,249806,98,461913,-45,-212107
2024/09/19,TX,外資,76483,333755673,76306,333149386,177,606287,19102,84335437,49366,217951099,-30264,-133615662
2024/09/19,TE,外資,524,2445151,571,2664558,-47,-219407,338,1593129,643,3030716,-305,-1437587
2024/09/19,TE,投信,0,0,0,0,0,0,203,956820,15,70701,188,886119
2024/09/19,MTX,外資,123671,134874669,123301,134471254,370,403415,4074,4496682,4570,5044133,-496,-547451
2024/09/19,MTX,自營商,12952,14134917,11032,12043019,1920,2091898,2791,3080335,7618,8408022,-4827,-5327687
2024/09/19,ZMX,自營商,17718,3867854,12755,2776276,4963,1091578,7392,1631682,3186,703165,4206,928517
2024/09/19,TX,投信,1491,6581738,74,321591,1417,6260147,33661,148613315,7413,32728395,26248,115884920
2024/09/19,ZMX,投信,0,0,0,0,0,0,0,0,0,0,0,0
2024/09/19,NQF,自營商,146,142171,53,51658,93,90513,105,103068,282,276811,-177,-173743
2024/09/19,MTX,投信,7,7656,0,0,7,7656,148,163355,12,13245,136,150110
2024/09/19,ZMX,外資,42082,9185049,34427,7508961,7655,1676088,2041,450551,11,2428,2030,448123
2024/09/20,TX,自營商,6467,28812431,7522,33526515,-1055,-4714084,3343,14853525,5026,22330878,-1683,-7477353
2024/09/19,NQF,投信,0,0,0,0,0,0,0,0,0,0,0,0
2024/09/19,NQF,外資,1308,1278381,1088,1066605,220,211775,1501,1480072,3405,3359359,-1904,-1879287
2024/09/20,TX,投信,610,2714159,1291,5740096,-681,-3025937,32717,145368174,7150,31768880,25567,113599294
2024/09/20,TE,投信,3,14325,0,0,3,14325,206,979530,15,71325,191,908205
2024/09/20,MTX,自營商,9553,10640431,10628,11836058,-1075,-1195627,2618,2907857,8626,9581998,-6008,-6674141
2024/09/20,TE,外資,407,1945593,487,2327377,-80,-381784,265,1260075,650,3090750,-385,-1830675
2024/09/20,TE,自營商,119,569248,85,406269,34,162979,132,627668,143,679965,-11,-52297
2024/09/20,MTX,投信,0,0,0,0,0,0,148,164398,12,13330,136,151068
2024/09/20,TX,外資,60685,270286168,61579,274260908,-894,-3974741,21336,94800334,53281,236738683,-31945,-141938349
2024/09/20,ZMX,自營商,5977,1331082,9342,2079175,-3365,-748093,4951,1099790,3040,675266,1911,424524
2024/09/20,MTX,外資,107812,120045015,109246,121631324,-1434,-1586309,3517,3906698,2471,2744821,1046,1161877
2024/09/20,ZMX,外資,46401,10332199,49260,10966520,-2859,-634321,171,37989,140,31114,31,6875
2024/09/20,NQF,自營商,207,205979,156,154801,51,51178,100,100475,42,42200,58,58275
2024/09/20,NQF,投信,0,0,0,0,0,0,0,0,0,0,0,0
2024/09/20,NQF,外資,1354,1348148,1182,1178978,172,169171,221,222050,1146,1151444,-925,-929394
2024/09/23,TX,自營商,5962,26561607,6054,26990787,-92,-429180,3762,16807648,5569,24880229,-1807,-8072581
2024/09/20,ZMX,投信,0,0,0,0,0,0,0,0,0,0,0,0
2024/09/23,TX,外資,45135,200939012,48969,218030806,-3834,-17091794,19303,86238532,55165,246456470,-35862,-160217938
2024/09/23,TX,投信,337,1506364,380,1698018,-43,-191654,32610,145688436,7086,31657414,25524,114031022
2024/09/23,TE,投信,0,0,0,0,0,0,206,985710,15,71775,191,913935
2024/09/23,MTX,自營商,6465,7199729,8216,9148767,-1751,-1949037,2288,2555545,9926,11088516,-7638,-8532971
2024/09/23,TE,自營商,76,363001,34,162418,42,200583,163,779966,134,641190,29,138776
2024/09/23,MTX,外資,85873,95565063,86789,96582790,-916,-1017727,5425,6059202,5109,5706280,316,352922
2024/09/23,ZMX,自營商,6421,1430709,6037,1344205,384,86504,5381,1201942,3051,681542,2330,520400
2024/09/23,TE,外資,199,950357,238,1136728,-39,-186371,256,1224960,680,3253800,-424,-2028840
2024/09/23,MTX,投信,1,1117,4,4472,-3,-3355,144,160834,11,12286,133,148548
2024/09/23,ZMX,投信,0,0,0,0,0,0,0,0,0,0,0,0
2024/09/23,ZMX,外資,36609,8145783,36035,8014177,574,131606,1351,301786,16,3575,1335,298211
2024/09/23,NQF,投信,0,0,0,0,0,0,0,0,0,0,0,0
2024/09/23,NQF,自營商,39,39007,437,439517,-398,-400510,116,116858,467,470456,-351,-353598
2024/09/24,TX,自營商,8760,39092322,8733,39013576,27,78746,3534,15898061,5344,24039345,-1810,-8141284
2024/09/24,TX,投信,598,2688490,841,3783571,-243,-1095080,32005,143977693,6724,30248586,25281,113729107
2024/09/23,NQF,外資,1061,1065341,1081,1083821,-20,-18480,76,76562,1028,1035607,-952,-959045
2024/09/24,TE,投信,16,76970,7,33390,9,43581,220,1062512,20,96592,200,965920
2024/09/24,TE,自營商,63,301344,69,329419,-6,-28075,164,792065,141,680974,23,111091
2024/09/24,TX,外資,57169,255052023,53167,237233934,4002,17818089,20374,91656344,52123,234482228,-31749,-142825884
2024/09/24,TE,外資,402,1921707,376,1797879,26,123829,220,1062512,618,2984693,-398,-1922181
2024/09/24,ZMX,自營商,10728,2396454,8305,1849201,2423,547253,7641,1718684,2898,651810,4743,1066874
2024/09/24,MTX,自營商,12029,13418900,11069,12342781,960,1076118,3061,3442422,9617,10816152,-6556,-7373730
2024/09/24,MTX,外資,99240,110678581,93369,104117604,5871,6560977,6533,7347557,601,675949,5932,6671608
2024/09/24,MTX,投信,2,2250,0,0,2,2250,144,161950,9,10122,135,151828
2024/09/24,ZMX,外資,37356,8337127,36337,8100126,1019,237001,1409,316930,0,0,1409,316930
2024/09/24,ZMX,投信,0,0,0,0,0,0,0,0,0,0,0,0
2024/09/24,NQF,自營商,118,118798,466,468023,-348,-349225,186,187349,885,891416,-699,-704067
2024/09/24,NQF,投信,0,0,0,0,0,0,0,0,0,0,0,0
2024/09/25,TX,自營商,9398,42794908,9500,43265543,-102,-470635,3697,16853455,5639,25705554,-1942,-8852099
2024/09/25,TE,外資,467,2288799,429,2103226,38,185573,340,1666204,700,3430420,-360,-1764216
2024/09/25,TE,投信,1,4911,2,9796,-1,-4885,219,1073231,20,98012,199,975219
2024/09/25,TX,外資,59379,270130603,61928,281753415,-2549,-11622811,21780,99284747,56070,255592413,-34290,-156307666
2024/09/25,MTX,外資,100265,113992096,99814,113458654,451,533441,7840,8934799,1458,1661726,6382,7273073
2024/09/25,TE,自營商,59,289290,80,392094,-21,-102804,146,715497,149,730189,-3,-14692
2024/09/25,TX,投信,392,1787749,156,711099,236,1076650,32020,145959968,6503,29643275,25517,116316693
2024/09/25,MTX,投信,0,0,2,2281,-2,-2281,142,161823,9,10256,133,151567
2024/09/24,NQF,外資,925,929745,1230,1236190,-305,-306445,0,0,1257,1266154,-1257,-1266154
2024/09/25,ZMX,自營商,8295,1886755,7124,1618987,1171,267768,7208,1642922,3134,714386,4074,928536
2024/09/25,ZMX,投信,0,0,0,0,0,0,0,0,0,0,0,0
2024/09/25,NQF,投信,1,1009,0,0,1,1009,1,1007,0,0,1,1007
2024/09/25,ZMX,外資,40007,9093179,41991,9544121,-1984,-450941,175,39922,750,170940,-575,-131018
2024/09/25,NQF,外資,907,913705,1062,1070206,-155,-156501,13,13113,1425,1435118,-1412,-1422005
2024/09/25,NQF,自營商,27,27248,92,92788,-65,-65540,189,190342,953,959766,-764,-769424
2024/09/26,TX,自營商,6461,29673451,5960,27381234,501,2292217,4288,19689801,5820,26723536,-1532,-7033735
2024/09/25,MTX,自營商,11284,12834540,12739,14492982,-1455,-1658442,3012,3433104,10282,11720083,-7270,-8286979
2024/09/26,TX,投信,389,1786418,274,1257590,115,528828,31924,146575854,6292,28889089,25632,117686765
2024/09/26,TE,自營商,96,474682,84,415874,12,58808,154,762186,147,727532,7,34654
2024/09/26,TX,外資,55902,256606224,58611,269039060,-2709,-12432836,21230,97480011,58311,267734636,-37081,-170254625
2024/09/26,TE,投信,0,0,0,0,0,0,219,1083875,20,98984,199,984891
2024/09/26,TE,外資,606,2997289,606,2997106,0,183,387,1915340,747,3697052,-360,-1781712
2024/09/26,MTX,自營商,9363,10752806,9340,10723391,23,29415,3373,3871983,10432,11977375,-7059,-8105392
2024/09/26,ZMX,自營商,6748,1550093,9831,2255892,-3083,-705799,5030,1154917,3159,725379,1871,429538
2024/09/26,MTX,投信,1,1148,0,0,1,1148,142,162995,8,9183,134,153812
2024/09/26,ZMX,外資,38728,8888100,38637,8866770,91,21330,45,10338,269,61754,-224,-51416
2024/09/26,MTX,外資,94230,108143762,97262,111624633,-3032,-3480871,6554,7523399,2928,3361170,3626,4162229
2024/09/26,NQF,自營商,92,93093,18,18319,74,74774,184,187984,874,892922,-690,-704938
2024/09/27,TX,自營商,7801,36043189,7829,36199457,-28,-156268,4353,19932459,5761,26377066,-1408,-6444607
2024/09/26,NQF,投信,0,0,0,0,0,0,1,1022,0,0,1,1022
2024/09/26,NQF,外資,566,573591,689,697402,-123,-123811,1,1031,1536,1569254,-1535,-1568223
2024/09/27,TX,投信,50,228970,398,1822727,-348,-1593757,31526,144338638,6242,28578373,25284,115760265
2024/09/27,TE,自營商,79,392999,106,526669,-27,-133670,155,761453,176,864618,-21,-103165
2024/09/27,MTX,自營商,11077,12804892,11575,13386183,-498,-581291,2814,3220613,10663,12207172,-7849,-8986559
2024/09/27,TX,外資,78490,363123167,77609,359024878,881,4098289,24136,110508715,60373,276418281,-36237,-165909566
2024/09/27,TE,投信,0,0,0,0,0,0,219,1075859,20,98252,199,977607
2024/09/27,MTX,外資,134411,155499968,136315,157701640,-1904,-2201672,6046,6920624,4776,5467031,1270,1453593
2024/09/27,MTX,投信,0,0,0,0,0,0,142,162533,8,9157,134,153376
2024/09/27,ZMX,自營商,9577,2218106,10697,2473771,-1120,-255665,2787,638076,3616,827948,-829,-189872
2024/09/26,ZMX,投信,0,0,0,0,0,0,0,0,0,0,0,0
2024/09/27,ZMX,外資,57480,13306518,63666,14736329,-6186,-1429810,10,2289,3420,782906,-3410,-780617
2024/09/27,ZMX,投信,0,0,0,0,0,0,0,0,0,0,0,0
2024/09/27,NQF,外資,1200,1223057,1483,1512239,-283,-289182,12,12196,1830,1859929,-1818,-1847733
2024/09/27,NQF,投信,0,0,0,0,0,0,1,1016,0,0,1,1016
2024/09/27,TE,外資,604,3002146,538,2673250,66,328896,493,2421912,787,3866216,-294,-1444304
2024/09/27,NQF,自營商,125,127361,113,114976,12,12385,139,141273,817,830358,-678,-689085
2024/09/30,TX,投信,133,594813,686,3065198,-553,-2470385,31315,139827738,6584,29398877,24731,110428861
2024/09/30,TX,自營商,9739,44099882,9395,42522339,344,1577544,4702,20999999,5526,24677660,-824,-3677661
2024/09/30,TE,自營商,123,593571,100,483434,23,110137,149,707174,147,697662,2,9512
2024/09/30,TX,外資,83806,380223548,83324,378176158,482,2047389,22229,99261681,59431,265382046,-37202,-166120365
2024/09/30,TE,投信,0,0,0,0,0,0,219,1039374,20,94920,199,944454
2024/09/30,TE,外資,716,3450244,775,3733705,-59,-283461,458,2173668,811,3849009,-353,-1675341
2024/09/30,MTX,投信,0,0,6,6698,-6,-6698,142,158515,14,15628,128,142887
2024/09/30,MTX,外資,141436,160649746,145468,165191998,-4032,-4542252,5624,6278425,3402,3798236,2222,2480189
2024/09/30,ZMX,自營商,9527,2164533,13310,3013514,-3783,-848981,1482,330867,6884,1537541,-5402,-1206674
2024/09/30,MTX,自營商,14751,16704421,15373,17421497,-622,-717076,2561,2858640,11834,13215425,-9273,-10356785
2024/09/30,ZMX,投信,0,0,0,0,0,0,0,0,0,0,0,0
2024/09/30,NQF,投信,0,0,0,0,0,0,1,1010,0,0,1,1010
2024/09/30,ZMX,外資,59603,13551069,68083,15466953,-8480,-1915885,10,2233,7880,1759297,-7870,-1757064
2024/09/30,NQF,外資,1405,1426623,1142,1160494,263,266129,7,7072,1562,1578042,-1555,-1570970
2024/10/01,TX,自營商,6236,27820351,6049,27010080,187,810271,4879,21852022,5638,25250201,-759,-3398179
2024/09/30,NQF,自營商,167,168981,65,65878,102,103103,114,115169,690,697073,-576,-581904
2024/10/01,TX,外資,64563,287826201,66060,294513958,-1497,-6687757,21752,97412920,61231,274211573,-39479,-176798653
2024/10/01,TX,投信,260,1164252,101,451458,159,712794,31556,141314079,6666,29851681,24890,111462398
2024/10/01,TE,自營商,61,290350,29,138122,32,152228,170,812484,136,649971,34,162513
2024/10/01,MTX,自營商,11392,12703839,10832,12079467,560,624372,3361,3762950,11844,13263988,-8483,-9501038
2024/10/01,TE,外資,330,1571286,370,1760838,-40,-189552,431,2059835,824,3938064,-393,-1878229
2024/10/01,TE,投信,0,0,1,4777,-1,-4777,218,1041866,20,95584,198,946282
2024/10/01,MTX,投信,0,0,3,3358,-3,-3358,139,155617,14,15674,125,139943
2024/10/01,MTX,外資,121789,135727478,123588,137721418,-1799,-1993941,5432,6081573,1871,2094950,3561,3986623
2024/10/01,NQF,投信,0,0,0,0,0,0,1,1013,0,0,1,1013
2024/10/01,ZMX,自營商,8214,1833448,7501,1669494,713,163954,1874,419665,5273,1181187,-3399,-761522
2024/10/01,ZMX,投信,0,0,0,0,0,0,0,0,0,0,0,0
2024/10/01,ZMX,外資,56521,12595610,54832,12212487,1689,383123,28,6269,6279,1405935,-6251,-1399666
2024/10/01,NQF,外資,1027,1038323,966,977125,61,61197,24,24319,1518,1538294,-1494,-1513975
2024/10/01,NQF,自營商,85,86033,97,98563,-12,-12530,124,125649,712,721470,-588,-595821
2024/10/04,TX,外資,86271,383612257,83879,373019043,2392,10593214,22503,100315842,59503,265251440,-37000,-164935598
2024/10/04,TE,自營商,128,608334,97,462140,31,146194,182,867404,117,557599,65,309805
2024/10/04,TX,自營商,10661,47468901,11085,49407110,-424,-1938209,4371,19487514,5502,24528604,-1131,-5041090
2024/10/04,TE,外資,506,2411031,541,2578300,-35,-167269,392,1868194,820,3907960,-428,-2039766
2024/10/04,TX,投信,181,807809,440,1962145,-259,-1154336,31397,139955267,6766,30160122,24631,109795145
2024/10/04,TE,投信,10,47839,0,0,10,47839,218,1038944,10,47658,208,991286
2024/10/04,MTX,外資,161955,179931959,159323,177006323,2632,2925635,8036,8955560,2143,2388562,5893,6566998
2024/10/04,MTX,自營商,18171,20235659,17136,19076968,1035,1158691,3122,3479795,10800,12040721,-7678,-8560926
2024/10/04,ZMX,自營商,12012,2677681,11408,2533104,604,144576,3311,738068,5706,1272327,-2395,-534259
2024/10/04,ZMX,投信,0,0,0,0,0,0,0,0,0,0,0,0
2024/10/04,NQF,投信,0,0,0,0,0,0,1,1002,0,0,1,1002
2024/10/04,ZMX,外資,75410,16748172,74455,16526888,955,221284,66,14710,5602,1248588,-5536,-1233878
2024/10/04,MTX,投信,0,0,1,1115,-1,-1115,139,154902,15,16716,124,138186
2024/10/04,NQF,自營商,64,64238,62,61962,2,2276,119,119244,705,706445,-586,-587201
2024/10/04,NQF,外資,1726,1730210,1652,1655279,74,74930,9,9018,1429,1432052,-1420,-1423034
2024/10/07,TX,自營商,9653,43683172,8788,39761582,865,3921589,5420,24684619,5773,26292172,-353,-1607553
2024/10/07,TX,外資,72375,326784821,77357,349334777,-4982,-22549956,21579,98269055,63725,290182965,-42146,-191913910
2024/10/07,TE,外資,443,2155913,396,1927242,47,228671,433,2119535,814,3984534,-381,-1864999
2024/10/07,TE,投信,1,4892,8,39156,-7,-34264,211,1032845,10,48950,201,983895
2024/10/07,TX,投信,750,3413277,106,476968,644,2936310,31762,144625128,6487,29537906,25275,115087222
2024/10/07,MTX,投信,1,1138,0,0,1,1138,139,158231,14,15937,125,142294
2024/10/07,TE,自營商,90,437437,111,538360,-21,-100923,192,939868,148,724460,44,215408
2024/10/07,MTX,自營商,13604,15380474,13652,15433210,-48,-52736,3349,3814337,10803,12305062,-7454,-8490725
2024/10/07,ZMX,投信,0,0,0,0,0,0,0,0,0,0,0,0
2024/10/07,ZMX,外資,63127,14233722,58155,13104599,4972,1129123,236,53773,1165,265250,-929,-211477
2024/10/07,ZMX,自營商,11160,2522935,10013,2259587,1147,263348,4638,1056366,5506,1254244,-868,-197878
2024/10/07,MTX,外資,133889,151039410,136267,153689919,-2378,-2650509,8989,10233425,4745,5402022,4244,4831403
2024/10/07,NQF,投信,0,0,0,0,0,0,1,1011,0,0,1,1011
2024/10/07,NQF,外資,1076,1084491,1369,1380204,-293,-295713,3,3033,1716,1735112,-1713,-1732079
2024/10/07,NQF,自營商,17,17216,43,43390,-26,-26173,124,125376,736,744170,-612,-618794
2024/10/08,TX,自營商,8977,40491586,8653,39050379,324,1441206,5228,23615221,5220,23579808,8,35413
2024/10/08,TX,外資,63921,288511438,62865,283751824,1056,4759614,19156,86516018,60246,272070965,-41090,-185554947
2024/10/08,TX,投信,164,741874,31,139979,133,601895,31884,143975534,6476,29243026,25408,114732508
2024/10/08,TE,投信,40,194962,18,87680,22,107282,233,1134570,10,48694,223,1085876
2024/10/08,TE,自營商,80,387977,134,650370,-54,-262392,180,876530,190,925205,-10,-48675
2024/10/08,TE,外資,550,2670271,499,2423177,51,247093,453,2205838,783,3812743,-330,-1606905
2024/10/08,MTX,自營商,13166,14853183,12310,13890514,856,962670,3961,4472713,10878,12291197,-6917,-7818484
2024/10/08,MTX,投信,0,0,2,2258,-2,-2258,139,156917,16,18062,123,138855
2024/10/08,ZMX,自營商,8131,1835713,9560,2156608,-1429,-320895,4716,1065183,6158,1391477,-1442,-326294
2024/10/08,MTX,外資,109682,123784847,110687,124934559,-1005,-1149712,8022,9056774,4783,5400839,3239,3655935
2024/10/08,NQF,自營商,15,15046,65,65426,-50,-50380,126,126057,788,788355,-662,-662298
2024/10/08,ZMX,投信,0,0,0,0,0,0,0,0,0,0,0,0
2024/10/08,NQF,投信,0,0,0,0,0,0,1,1000,0,0,1,1000
2024/10/08,ZMX,外資,45792,10340337,50744,11457217,-4952,-1116880,6,1355,5887,1329445,-5881,-1328090
2024/10/09,TX,投信,342,1553177,228,1034308,114,518869,31862,144647360,6340,28782332,25522,115865028
2024/10/08,NQF,外資,634,638085,634,637831,0,254,4,4045,1717,1717773,-1713,-1713728
2024/10/09,TX,外資,55930,254341210,55521,252479403,409,1861807,20073,91143773,60523,274787203,-40450,-183643430
2024/10/09,TX,自營商,8227,37438832,8955,40753644,-728,-3314812,4737,21513073,5357,24327397,-620,-2814324
2024/10/09,TE,自營商,119,586705,96,473169,23,113536,202,995208,185,911427,17,83781
2024/10/09,TE,投信,1,4938,0,0,1,4938,234,1152778,10,49264,224,1103514
2024/10/09,MTX,自營商,12587,14322718,12112,13779227,475,543491,3585,4071139,10415,11830189,-6830,-7759050
2024/10/09,TE,外資,584,2880161,615,3033171,-31,-153010,403,1985339,764,3763775,-361,-1778436
2024/10/09,MTX,投信,1,1135,0,0,1,1135,139,157758,15,17024,124,140734
2024/10/09,ZMX,自營商,6376,1451699,5958,1354911,418,96788,5255,1193496,6309,1433010,-1054,-239514
2024/10/09,MTX,外資,103990,118215966,102587,116614556,1403,1601411,7110,8070097,2790,3167465,4320,4902632
2024/10/09,NQF,自營商,24,24259,116,116611,-92,-92352,25,25315,779,788815,-754,-763500
2024/10/09,ZMX,外資,48673,11064693,41989,9543011,6684,1521682,45,10215,2232,506684,-2187,-496469
2024/10/09,ZMX,投信,0,0,0,0,0,0,0,0,0,0,0,0
2024/10/09,NQF,外資,868,876346,634,640518,234,235828,10,10149,1489,1507761,-1479,-1497612
2024/10/09,NQF,投信,0,0,0,0,0,0,1,1013,0,0,1,1013
2024/10/11,TX,外資,61523,281207869,62991,287980938,-1468,-6773069,23024,105569775,64873,297329084,-41849,-191759309
2024/10/11,TX,投信,737,3386289,697,3196951,40,189339,31732,145407708,6170,28272174,25562,117135534
2024/10/11,TE,自營商,57,284444,69,344246,-12,-59801,215,1073326,210,1048285,5,25041
2024/10/11,TX,自營商,8400,38458928,8435,38627048,-35,-168120,4949,22688990,5642,25870097,-693,-3181107
2024/10/11,MTX,外資,100548,114736953,98171,112015558,2377,2721395,9393,10761370,2583,2960093,6810,7801277
2024/10/11,TE,外資,565,2818028,565,2817108,0,920,378,1886795,739,3688698,-361,-1801903
2024/10/11,MTX,自營商,12353,14132862,11989,13710507,364,422355,4821,5527950,11215,12858831,-6394,-7330881
2024/10/11,TE,投信,4,20060,24,119846,-20,-99785,214,1068190,10,49914,204,1018276
2024/10/11,MTX,投信,82,94117,76,87049,6,7068,143,164006,13,14892,130,149114
2024/10/11,ZMX,投信,0,0,0,0,0,0,0,0,0,0,0,0
2024/10/11,ZMX,自營商,8116,1858496,6965,1591795,1151,266701,7691,1763341,7194,1649320,497,114021
2024/10/11,ZMX,外資,46222,10546422,40604,9254973,5618,1291449,1486,340834,0,0,1486,340834
2024/10/11,NQF,投信,0,0,0,0,0,0,1,1022,0,0,1,1022
2024/10/14,TX,自營商,9853,45265577,10599,48723615,-746,-3458038,4249,19568423,5600,25797407,-1351,-6228984
2024/10/11,NQF,外資,719,732736,584,595375,135,137361,16,16499,1360,1389648,-1344,-1373149
2024/10/14,TE,自營商,139,696414,131,656583,8,39831,209,1049080,194,974192,15,74888
2024/10/14,TX,外資,84195,386873226,81417,374271491,2778,12601735,24855,114527707,63926,294429398,-39071,-179901691
2024/10/11,NQF,自營商,16,16336,16,16332,0,4,20,20436,774,790873,-754,-770437
2024/10/14,TX,投信,19546,90072510,19576,90061703,-30,10807,31574,145464986,6042,27837777,25532,117627209
2024/10/14,MTX,自營商,12579,14448746,13351,15328443,-772,-879697,4377,5041436,11818,13609287,-7441,-8567851
2024/10/14,TE,外資,1197,5997808,1165,5838852,32,158956,392,1970989,721,3622510,-329,-1651521
2024/10/14,TE,投信,86,432706,86,431488,0,1218,214,1075067,10,50188,204,1024879
2024/10/14,MTX,外資,94034,107895613,90322,103621080,3712,4274533,12897,14837387,2375,2733068,10522,12104319
2024/10/14,ZMX,自營商,7151,1642845,7038,1613996,113,28849,7814,1799209,7589,1747364,225,51845
2024/10/14,MTX,投信,55,63338,44,50652,11,12686,156,179761,15,17297,141,162464
2024/10/14,ZMX,外資,36821,8453124,35656,8178803,1165,274321,2651,610582,0,0,2651,610582
2024/10/14,NQF,投信,0,0,0,0,0,0,1,1022,0,0,1,1022
2024/10/14,ZMX,投信,0,0,0,0,0,0,0,0,0,0,0,0
2024/10/14,NQF,自營商,5,5120,5,5115,0,5,20,20445,774,791222,-754,-770777
2024/10/14,NQF,外資,511,522939,610,623800,-99,-100861,81,83703,1524,1558751,-1443,-1475048
2024/10/15,TX,自營商,11016,51226182,11767,54768209,-751,-3542027,4294,19975068,6558,30513984,-2264,-10538916
2024/10/15,TE,自營商,223,1136997,240,1224805,-17,-87808,218,1109374,208,1059750,10,49624
2024/10/15,TX,投信,14771,69017910,14707,68613933,64,403977,31465,146517184,5869,27335454,25596,119181730
2024/10/15,TX,外資,74351,345788316,74429,346186555,-78,-398239,26468,123197441,65517,304884892,-39049,-181687451
2024/10/15,TE,外資,605,3084942,613,3126679,-8,-41736,418,2131299,755,3847401,-337,-1716102
2024/10/15,MTX,投信,61,71067,46,53459,15,17608,172,200277,16,18630,156,181647
2024/10/15,MTX,外資,79466,92225912,81389,94422056,-1923,-2196144,11459,13312982,2967,3448010,8492,9864972
2024/10/15,ZMX,自營商,11278,2622252,8635,2005382,2643,616871,9459,2199158,5231,1215891,4228,983267
2024/10/15,MTX,自營商,15339,17836955,14691,17089812,648,747143,4383,5096372,10800,12557261,-6417,-7460889
2024/10/15,TE,投信,99,506976,99,505569,0,1407,214,1091118,10,50872,204,1040246
2024/10/15,ZMX,投信,0,0,0,0,0,0,0,0,0,0,0,0
2024/10/15,ZMX,外資,29948,6947173,29298,6792530,650,154643,1836,427196,0,0,1836,427196
2024/10/15,NQF,自營商,55,56636,47,48397,8,8240,25,25790,771,795364,-746,-769574
2024/10/15,NQF,投信,0,0,0,0,0,0,1,1032,0,0,1,1032
2024/10/15,NQF,外資,639,658807,627,646488,12,12320,169,176328,1600,1652460,-1431,-1476132
2024/10/16,TX,自營商,19422,89536104,17680,81497004,1742,8039100,3490,16100638,4962,22891516,-1472,-6790878
2024/10/16,TX,外資,80622,371619982,82366,379703151,-1744,-8083169,21018,96939904,53335,245996614,-32317,-149056710
2024/10/16,TE,投信,27,136122,25,126500,2,9622,206,1038693,0,0,206,1038693
2024/10/16,TE,自營商,263,1324227,261,1313178,2,11049,49,247068,123,620191,-74,-373123
2024/10/16,TX,投信,521,2412278,1269,5866048,-748,-3453771,28686,132305569,6046,27885361,22640,104420208
2024/10/16,MTX,外資,118458,136453854,121713,140216685,-3255,-3762831,3273,3773966,5020,5788347,-1747,-2014381
2024/10/16,TE,外資,875,4410963,887,4473111,-12,-62148,430,2168146,664,3348021,-234,-1179875
2024/10/16,MTX,投信,2,2306,24,27675,-22,-25369,150,172958,16,18449,134,154509
2024/10/16,ZMX,自營商,15554,3589699,21164,4883662,-5610,-1293963,432,99670,4593,1059527,-4161,-959857
2024/10/16,ZMX,投信,0,0,0,0,0,0,0,0,0,0,0,0
2024/10/16,ZMX,外資,43668,10054287,49915,11498231,-6247,-1443944,6,1384,7,1614,-1,-230
2024/10/16,MTX,自營商,28661,33041419,30499,35188765,-1838,-2147346,1498,1727870,10256,11829452,-8758,-10101582
2024/10/16,NQF,自營商,22,22486,29,29609,-7,-7124,20,20410,773,788847,-753,-768437
2024/10/16,NQF,投信,0,0,0,0,0,0,1,1021,0,0,1,1021
2024/10/17,TX,自營商,5362,24822528,6014,27857481,-652,-3034953,3636,16916877,5855,27238207,-2219,-10321330
2024/10/16,NQF,外資,1372,1404656,1299,1329173,73,75483,168,173336,1526,1559039,-1358,-1385703
2024/10/17,TE,自營商,72,363464,95,479946,-23,-116482,45,228692,143,726726,-98,-498034
2024/10/17,TX,外資,55615,257468780,57536,266360898,-1921,-8892117,17962,83545749,52378,243627850,-34416,-160082101
2024/10/17,MTX,自營商,8390,9719164,7635,8837477,755,881687,2386,2775061,9682,11261385,-7296,-8486324
2024/10/17,TE,外資,626,3159507,667,3366622,-41,-207115,418,2124276,693,3521826,-275,-1397550
2024/10/17,TE,投信,66,334413,0,0,66,334413,272,1382304,0,0,272,1382304
2024/10/17,TX,投信,632,2939623,131,607709,501,2331914,29078,135247594,5937,27614174,23141,107633420
2024/10/17,MTX,外資,96323,111474976,99086,114671483,-2763,-3196507,2707,3147762,6788,7893222,-4081,-4745460
2024/10/17,MTX,投信,4,4651,0,0,4,4651,152,176746,14,16279,138,160467
2024/10/17,ZMX,外資,36847,8531686,38043,8805041,-1196,-273355,243,56512,25,5820,218,50692
2024/10/17,ZMX,自營商,9097,2109319,6047,1399058,3050,710261,2153,500815,4899,1139682,-2746,-638867
2024/10/17,NQF,自營商,23,23423,3,3051,20,20372,33,33579,766,779443,-733,-745864
2024/10/17,NQF,投信,0,0,0,0,0,0,1,1018,0,0,1,1018
2024/10/17,ZMX,投信,0,0,0,0,0,0,0,0,0,0,0,0
2024/10/17,NQF,外資,747,759582,1045,1062725,-298,-303143,170,175042,1826,1860117,-1656,-1685075
2024/10/18,TX,自營商,8764,41570742,10907,51733199,-2143,-10162456,3987,18868924,8363,39574943,-4376,-20706019
2024/10/18,TE,自營商,129,671678,119,619906,10,51772,74,383409,161,834175,-87,-450766
2024/10/18,TX,投信,595,2813434,179,848735,416,1964698,29339,138814545,5782,27356955,23557,111457590
2024/10/18,TX,外資,91110,432320896,85313,404790772,5797,27530124,22163,104862874,50922,240938475,-28759,-136075601
2024/10/18,TE,投信,2,10362,0,0,2,10362,274,1419649,0,0,274,1419649
2024/10/18,MTX,自營商,14212,16854322,16761,19870981,-2549,-3016659,1729,2045391,11009,13023857,-9280,-10978466
2024/10/18,MTX,外資,154350,183123075,150162,178136604,4188,4986471,5460,6458423,4670,5523976,790,934447
2024/10/18,TE,外資,738,3842590,744,3872630,-6,-30040,418,2165742,699,3621659,-281,-1455917
2024/10/18,MTX,投信,0,0,1,1183,-1,-1183,152,179793,15,17743,137,162050
2024/10/18,ZMX,自營商,10456,2478901,12845,3046331,-2389,-567430,582,137724,8262,1955088,-7680,-1817364
2024/10/18,ZMX,外資,69283,16444029,68011,16140796,1272,303232,1360,321735,505,119575,855,202160
2024/10/18,NQF,自營商,57,58400,85,87087,-28,-28687,0,0,761,776867,-761,-776867
2024/10/18,NQF,投信,0,0,0,0,0,0,1,1021,0,0,1,1021
2024/10/21,TX,投信,263,1247605,996,4696250,-733,-3448645,28568,134692406,5744,27081811,22824,107610595
2024/10/21,TX,自營商,5856,27756632,4517,21436712,1339,6319921,4824,22749207,7924,37367074,-3100,-14617867
2024/10/18,ZMX,投信,0,0,0,0,0,0,0,0,0,0,0,0
2024/10/18,NQF,外資,1116,1142747,1172,1200734,-56,-57987,155,160141,1867,1908047,-1712,-1747906
2024/10/21,TE,自營商,50,260461,53,276187,-3,-15726,58,300684,148,767264,-90,-466580
2024/10/21,TE,外資,413,2151952,455,2370799,-42,-218847,415,2151443,738,3825940,-323,-1674497
2024/10/21,MTX,自營商,5863,6958605,7468,8855318,-1605,-1896712,1667,1965593,12337,14544387,-10670,-12578794
2024/10/21,MTX,投信,11,12973,5,5894,6,7079,158,186235,15,17681,143,168554
2024/10/21,TE,投信,10,52026,0,0,10,52026,284,1472313,0,0,284,1472313
2024/10/21,TX,外資,45545,216248828,50089,237809606,-4544,-21560778,19482,91854366,53061,250179025,-33579,-158324659
2024/10/21,ZMX,投信,0,0,0,0,0,0,0,0,0,0,0,0
2024/10/21,MTX,外資,78594,93317296,83773,99458578,-5179,-6141282,4704,5544629,8459,9970731,-3755,-4426102
2024/10/21,NQF,投信,0,0,0,0,0,0,1,1023,0,0,1,1023
2024/10/21,ZMX,自營商,2848,676455,6389,1514519,-3541,-838064,39,9218,11075,2611437,-11036,-2602219
2024/10/22,TX,自營商,7852,36922000,6900,32467133,952,4454867,5436,25687510,7578,35810616,-2142,-10123106
2024/10/22,TX,投信,325,1533101,182,857011,143,676090,28732,135735714,5765,27235013,22967,108500701
2024/10/21,NQF,自營商,3,3080,1,1024,2,2056,0,0,759,776647,-759,-776647
2024/10/21,NQF,外資,818,838848,639,654964,179,183884,152,157419,1685,1726222,-1533,-1568803
2024/10/22,TE,投信,0,0,17,88169,-17,-88169,267,1384342,0,0,267,1384342
2024/10/22,TX,外資,58692,276104911,58844,276848462,-152,-743551,17230,81398916,52135,246305995,-34905,-164907079
2024/10/21,ZMX,外資,36255,8615157,39182,9305178,-2927,-690021,323,76144,45,10621,278,65523
2024/10/22,TE,自營商,48,247497,47,242761,1,4736,57,295534,145,751796,-88,-456262
2024/10/22,TE,外資,371,1913183,397,2046753,-26,-133570,423,2193170,772,4002666,-349,-1809496
2024/10/22,MTX,投信,14,16537,0,0,14,16537,172,203141,15,17716,157,185425
2024/10/22,ZMX,自營商,6931,1632105,7695,1808218,-764,-176113,60,14198,11520,2722057,-11460,-2707859
2024/10/22,MTX,外資,116078,136538391,115355,135672733,723,865658,5737,6775723,4589,5420049,1148,1355674
2024/10/22,MTX,自營商,9954,11708346,9405,11060520,549,647826,1744,2060977,11957,14127105,-10213,-12066128
2024/10/22,NQF,自營商,30,30747,30,30706,0,41,0,0,759,777330,-759,-777330
2024/10/22,ZMX,外資,48495,11414554,49662,11680881,-1167,-266326,1726,407698,35,8280,1691,399418
2024/10/22,ZMX,投信,0,0,0,0,0,0,0,0,0,0,0,0
2024/10/23,TX,投信,250,1170667,682,3194090,-432,-2023423,28289,132443440,5754,26939077,22535,105504363
2024/10/23,TX,自營商,7552,35424272,6307,29587314,1245,5836958,6106,28594575,7000,32784025,-894,-4189450
2024/10/22,NQF,外資,1291,1320519,1156,1183355,135,137165,163,168857,1561,1600744,-1398,-1431887
2024/10/22,NQF,投信,0,0,0,0,0,0,1,1024,0,0,1,1024
2024/10/23,MTX,自營商,8996,10553669,9172,10763271,-176,-209602,1015,1189940,11453,13412163,-10438,-12222223
2024/10/23,TX,外資,51811,243339055,52623,247160111,-812,-3821056,16406,76810857,52501,245810831,-36095,-168999974
2024/10/23,TE,投信,0,0,23,118309,-23,-118309,264,1355957,20,102724,244,1253233
2024/10/23,MTX,外資,92774,108986662,98744,115996184,-5970,-7009522,4135,4839811,8393,9824093,-4258,-4984282
2024/10/23,ZMX,自營商,3740,878653,6629,1555554,-2889,-676901,57,13369,14226,3331300,-14169,-3317931
2024/10/23,TE,自營商,66,339390,64,329066,2,10324,59,303036,144,739613,-85,-436577
2024/10/23,TE,外資,415,2133259,411,2112936,4,20323,418,2146932,763,3918921,-345,-1771989
2024/10/23,MTX,投信,0,0,2,2341,-2,-2341,172,201317,17,19898,155,181419
2024/10/23,NQF,自營商,20,20414,20,20484,0,-70,0,0,759,778772,-759,-778772
2024/10/23,ZMX,投信,0,0,0,0,0,0,0,0,0,0,0,0
2024/10/24,TX,自營商,7526,35101065,6977,32547276,549,2553788,6714,31283636,7092,33048504,-378,-1764868
2024/10/23,ZMX,外資,37917,8915626,45147,10607940,-7230,-1692314,6,1405,785,183770,-779,-182365
2024/10/23,NQF,外資,958,981426,835,854895,123,126531,166,172183,1441,1480519,-1275,-1308336
2024/10/23,NQF,投信,0,0,0,0,0,0,1,1026,0,0,1,1026
2024/10/24,TX,投信,0,0,475,2212436,-475,-2212436,27953,130205074,5893,27449594,22060,102755480
2024/10/24,TX,外資,65637,306203395,65119,303792030,518,2411365,15510,72246899,51021,237668871,-35511,-165421972
2024/10/24,TE,外資,572,2933677,570,2921410,2,12267,424,2164266,767,3915075,-343,-1750809
2024/10/24,TE,投信,0,0,6,30598,-6,-30598,258,1316935,20,102088,238,1214847
2024/10/24,TE,自營商,105,537131,84,430738,21,106393,91,464506,155,791182,-64,-326676
2024/10/24,MTX,自營商,9953,11608330,9872,11514148,81,94182,1282,1495120,11737,13675599,-10455,-12180479
2024/10/24,MTX,投信,0,0,19,22111,-19,-22111,155,180498,19,22126,136,158372
2024/10/24,ZMX,自營商,5802,1353669,7244,1688917,-1442,-335248,449,104692,14910,3473876,-14461,-3369184
2024/10/24,MTX,外資,121924,142201543,120482,140508219,1442,1693323,5785,6736648,8588,10001436,-2803,-3264788
2024/10/24,NQF,自營商,50,50714,81,82399,-31,-31685,0,0,790,803351,-790,-803351
2024/10/24,ZMX,外資,60145,14034681,57414,13386861,2731,647820,567,132081,0,0,567,132081
2024/10/24,NQF,投信,0,0,0,0,0,0,1,1017,0,0,1,1017
2024/10/24,ZMX,投信,0,0,0,0,0,0,0,0,0,0,0,0
2024/10/24,NQF,外資,1333,1356059,1414,1439100,-81,-83041,154,158439,1510,1537607,-1356,-1379168
2024/10/25,TX,投信,386,1808390,43,201641,343,1606749,28197,132390554,5794,27203989,22403,105186565
2024/10/25,TX,自營商,4639,21671394,4932,23044713,-293,-1373319,6286,29524109,6955,32667793,-669,-3143684
2024/10/25,TE,投信,0,0,0,0,0,0,258,1329784,20,103084,238,1226700
2024/10/25,TE,自營商,49,251751,39,200141,10,51610,98,505091,152,783438,-54,-278347
2024/10/25,TX,外資,45837,214031108,47911,223735773,-2074,-9704664,15950,74889704,53442,250933431,-37492,-176043727
2024/10/25,TE,外資,251,1287747,260,1333974,-9,-46227,419,2159610,771,3973888,-352,-1814278
2024/10/25,MTX,自營商,6887,8046966,6756,7891179,131,155786,1833,2154403,12192,14317583,-10359,-12163180
2024/10/25,MTX,投信,2,2347,2,2345,0,2,153,179591,17,19955,136,159636
2024/10/25,MTX,外資,82994,96872913,79717,93051925,3277,3820989,7585,8903283,6895,8093901,690,809382
2024/10/25,ZMX,自營商,6336,1480609,3884,906744,2452,573865,733,172230,12607,2960640,-11874,-2788410
2024/10/25,NQF,自營商,107,109001,15,15275,92,93726,20,20397,718,732252,-698,-711855
2024/10/25,ZMX,外資,39196,9153561,32634,7615644,6562,1537918,4189,983438,0,0,4189,983438
2024/10/25,ZMX,投信,0,0,0,0,0,0,0,0,0,0,0,0
2024/10/25,NQF,投信,0,0,0,0,0,0,1,1020,0,0,1,1020
2024/10/25,NQF,外資,833,848711,911,927966,-78,-79256,158,163113,1592,1625871,-1434,-1462758
2024/10/28,TE,自營商,87,448204,75,386719,12,61486,119,607821,161,822324,-42,-214503
2024/10/28,TX,外資,63714,299035367,64919,304793994,-1205,-5758627,14951,69738919,55293,257924608,-40342,-188185689
2024/10/28,TX,投信,183,854714,286,1334141,-103,-479428,28137,131242223,5837,27226103,22300,104016120
2024/10/28,MTX,投信,0,0,0,0,0,0,153,178413,17,19824,136,158589
2024/10/28,MTX,自營商,12256,14377792,12451,14603115,-195,-225323,1571,1832936,11974,13969545,-10403,-12136609
2024/10/28,TE,外資,467,2405371,479,2468530,-12,-63159,419,2140084,783,3999251,-364,-1859167
2024/10/28,TE,投信,0,0,10,51246,-10,-51246,258,1317761,30,153228,228,1164533
2024/10/28,ZMX,自營商,8190,1925130,9784,2293372,-1594,-368241,219,51095,15242,3555855,-15023,-3504760
2024/10/28,NQF,自營商,140,144393,81,83520,59,60873,15,15477,654,674797,-639,-659320
2024/10/28,MTX,外資,111548,130961647,117248,137657963,-5700,-6696315,6842,7978508,6301,7348378,541,630130
2024/10/28,ZMX,投信,0,0,0,0,0,0,0,0,0,0,0,0
2024/10/28,TX,自營商,7747,36342761,7361,34519335,386,1823426,6841,31919607,7084,33054827,-243,-1135220
2024/10/28,ZMX,外資,46296,10881488,55192,12961797,-8896,-2080308,637,148570,199,46466,438,102104
2024/10/28,NQF,外資,1302,1342031,1224,1260208,78,81823,175,182682,1531,1581879,-1356,-1399197
2024/10/29,TX,自營商,11725,53763195,10757,49357804,968,4405391,7913,36377191,7172,32973062,741,3404129
2024/10/29,TX,投信,661,3035326,306,1406947,355,1628378,28785,132290103,6130,28172254,22655,104117849
2024/10/29,TE,自營商,106,529774,95,475664,11,54110,124,623012,155,778757,-31,-155745
2024/10/29,TX,外資,76941,353679971,77695,357157753,-754,-3477782,14455,66433555,55329,254295804,-40874,-187862249
2024/10/29,TE,投信,36,180750,19,94398,17,86352,245,1230929,0,0,245,1230929
2024/10/29,MTX,自營商,14014,16092542,12782,14679529,1232,1413014,2254,2591155,11474,13189722,-9220,-10598567
2024/10/29,TE,外資,353,1766905,378,1892994,-25,-126089,414,2080019,803,4034433,-389,-1954414
2024/10/29,MTX,投信,0,0,15,17246,-15,-17246,141,162002,20,22979,121,139023
2024/10/28,NQF,投信,0,0,0,0,0,0,1,1032,0,0,1,1032
2024/10/29,MTX,外資,128969,148294187,128614,147892613,355,401574,5731,6584692,6709,7709061,-978,-1124369
2024/10/29,ZMX,外資,51626,11885147,58852,13547700,-7226,-1662554,82,18878,1940,445815,-1858,-426937
2024/10/29,ZMX,自營商,7600,1745612,8058,1853290,-458,-107678,41,9452,15597,3585302,-15556,-3575850
2024/10/29,ZMX,投信,0,0,0,0,0,0,0,0,0,0,0,0
2024/10/29,NQF,自營商,116,119506,45,46155,71,73351,30,30782,598,613578,-568,-582796
2024/10/29,NQF,外資,865,890176,954,982335,-89,-92159,177,183868,1622,1666752,-1445,-1482884
2024/10/30,TX,投信,810,3720167,646,2965644,164,754523,28952,132608067,6133,28090367,22819,104517700
2024/10/30,TX,自營商,5950,27383502,7057,32478992,-1107,-5095490,6996,32056049,7393,33875173,-397,-1819124
2024/10/30,TE,投信,0,0,0,0,0,0,245,1224167,0,0,245,1224167
2024/10/30,TE,自營商,49,246433,56,281665,-7,-35231,103,514661,153,764480,-50,-249819
2024/10/30,TX,外資,55633,255970544,53813,247644348,1820,8326196,15606,71480225,54381,249096958,-38775,-177616733
2024/10/30,MTX,自營商,9250,10638711,9770,11239610,-520,-600899,1796,2059363,11430,13095397,-9634,-11036034
2024/10/30,TE,外資,308,1549306,287,1444704,21,104602,411,2053603,779,3892351,-368,-1838748
2024/10/30,MTX,投信,0,0,0,0,0,0,141,161452,20,22901,121,138551
2024/10/30,MTX,外資,102640,118080190,97584,112275251,5056,5804939,9696,11102506,5762,6598807,3934,4503699
2024/10/30,ZMX,自營商,3779,870012,3801,874305,-22,-4293,130,29827,16003,3666221,-15873,-3636394
2024/10/30,NQF,投信,0,0,0,0,0,0,1,1037,0,0,1,1037
2024/10/30,ZMX,外資,44666,10279353,39276,9034919,5390,1244434,73,16754,1401,320886,-1328,-304132
2024/10/30,ZMX,投信,0,0,0,0,0,0,0,0,0,0,0,0
2024/10/30,NQF,自營商,33,34050,24,24745,9,9305,40,41462,599,620893,-559,-579431
2024/10/29,NQF,投信,0,0,0,0,0,0,1,1026,0,0,1,1026
2024/10/30,NQF,外資,1183,1221023,1044,1077301,139,143723,181,189867,1487,1543576,-1306,-1353709
2024/11/01,TX,自營商,8385,37889665,8085,36615011,300,1274653,6778,30882988,6890,31385665,-112,-502677
2024/11/01,TE,外資,452,2226977,448,2208520,4,18457,458,2274245,822,4081723,-364,-1807478
2024/11/01,TE,投信,4,19867,0,0,4,19867,249,1236434,0,0,249,1236434
2024/11/01,ZMX,自營商,7909,1789954,8172,1847080,-263,-57126,94,21430,15550,3541662,-15456,-3520232
2024/11/01,MTX,投信,1,1140,1,1139,0,1,142,161646,21,23905,121,137741
2024/11/01,TX,投信,937,4260283,74,335485,863,3924798,29781,135609416,6099,27771187,23682,107838229
2024/11/01,MTX,自營商,13029,14737950,12801,14488262,228,249688,1554,1771986,11036,12569951,-9482,-10797965
2024/11/01,TX,外資,73662,333782768,74328,336711245,-666,-2928477,14375,65457906,53651,244333356,-39276,-178875450
2024/11/01,TE,自營商,107,527659,112,550892,-5,-23233,103,511457,158,784565,-55,-273108
2024/11/01,MTX,外資,133209,150892704,132844,150477911,365,414793,9073,10328431,4803,5469098,4270,4859333
2024/11/01,ZMX,投信,0,0,0,0,0,0,0,0,0,0,0,0
2024/11/01,ZMX,外資,58934,13365540,55309,12537622,3625,827918,82,18690,940,214149,-858,-195459
2024/11/01,NQF,自營商,43,44001,230,232885,-187,-188884,30,30209,776,781393,-746,-751184
2024/11/04,TX,自營商,5597,25619417,6052,27711006,-455,-2091589,6649,30636813,7164,33013338,-515,-2376525
2024/11/04,TX,外資,56783,259817873,56722,259593727,61,224147,14602,67274342,53719,247496040,-39117,-180221698
2024/11/01,NQF,外資,1347,1382701,1519,1558327,-172,-175626,181,184421,1659,1672401,-1478,-1487980
2024/11/04,TE,自營商,53,264605,71,354801,-18,-90196,92,462926,163,820185,-71,-357259
2024/11/01,NQF,投信,0,0,0,0,0,0,1,1007,0,0,1,1007
2024/11/04,TE,投信,20,99694,0,0,20,99694,269,1353554,0,0,269,1353554
2024/11/04,MTX,自營商,10128,11591405,9601,10985600,527,605805,2416,2785220,11310,13029810,-8894,-10244590
2024/11/04,TX,投信,827,3805192,26,118780,801,3686412,30423,140164846,5940,27366768,24483,112798078
2024/11/04,ZMX,自營商,8937,2047085,5064,1158010,3873,889075,1182,272407,14110,3251062,-12928,-2978655
2024/11/04,MTX,外資,104352,119352220,101981,116654827,2371,2697393,10983,12650262,3880,4468993,7103,8181269
2024/11/04,ZMX,投信,0,0,0,0,0,0,0,0,0,0,0,0
2024/11/04,MTX,投信,3,3455,2,2303,1,1152,140,161252,18,20732,122,140520
2024/11/04,NQF,自營商,74,74714,74,74726,0,-11,15,15177,761,769980,-746,-754803
2024/11/04,ZMX,外資,47804,10937550,41819,9562564,5985,1374986,882,203202,25,5772,857,197430
2024/11/04,TE,外資,354,1769708,336,1679863,18,89845,472,2375010,818,4116012,-346,-1741002
2024/11/04,NQF,外資,1157,1167495,1124,1134929,33,32566,186,190402,1631,1652069,-1445,-1461667
2024/11/05,TX,投信,987,4565824,318,1469788,669,3096035,31330,144977934,6178,28588077,25152,116389857
2024/11/04,NQF,投信,0,0,0,0,0,0,1,1012,0,0,1,1012
2024/11/05,TE,投信,0,0,1,5055,-1,-5055,268,1355490,0,0,268,1355490
2024/11/05,TX,外資,58849,270653359,60594,278707244,-1745,-8053885,13110,60666151,54416,251819620,-41306,-191153469
2024/11/05,TX,自營商,7337,33748502,7278,33507349,59,241153,6758,31281887,7227,33451399,-469,-2169512
2024/11/05,MTX,自營商,10469,12043232,10099,11614737,370,428495,2686,3110005,11232,12997965,-8546,-9887960
2024/11/05,TE,自營商,68,341917,100,503216,-32,-161299,72,364162,175,885129,-103,-520967
2024/11/05,TE,外資,503,2531821,504,2537608,-1,-5787,489,2473264,836,4228321,-347,-1755057
2024/11/05,ZMX,自營商,5635,1298001,5716,1313005,-81,-15004,794,183870,13433,3108901,-12639,-2925031
2024/11/05,ZMX,投信,0,0,0,0,0,0,0,0,0,0,0,0
2024/11/05,MTX,投信,1,1157,0,0,1,1157,140,161959,17,19666,123,142293
2024/11/05,ZMX,外資,45551,10479904,47901,11008350,-2350,-528445,727,168238,125,28932,602,139306
2024/11/05,MTX,外資,103036,118458491,106395,122330309,-3359,-3871818,8711,10077415,3610,4176842,5101,5900573
2024/11/06,TX,投信,585,2727229,202,942031,383,1785198,31831,148455045,6296,29363285,25535,119091760
2024/11/05,NQF,投信,0,0,0,0,0,0,1,1006,0,0,1,1006
2024/11/05,NQF,自營商,39,39358,43,43282,-4,-3924,0,0,750,754463,-750,-754463
2024/11/05,NQF,外資,1202,1209500,1076,1084959,126,124542,157,159700,1476,1486845,-1319,-1327145
2024/11/06,TX,外資,73933,343612621,77185,358749508,-3252,-15136886,12109,56475005,56734,264613226,-44625,-208138221
2024/11/06,TE,自營商,89,454193,105,535880,-16,-81686,56,286451,179,915639,-123,-629188
2024/11/06,TX,自營商,9942,46224546,8556,39803068,1386,6421478,7722,36024609,6864,32022990,858,4001619
2024/11/06,MTX,自營商,14883,17304982,15544,18061100,-661,-756118,2104,2456756,10987,12816256,-8883,-10359500
2024/11/06,TE,投信,0,0,0,0,0,0,268,1370874,0,0,268,1370874
2024/11/06,MTX,投信,2,2332,0,0,2,2332,140,163233,15,17489,125,145744
2024/11/06,TE,外資,632,3227397,626,3196755,6,30642,478,2445066,819,4189349,-341,-1744283
2024/11/06,MTX,外資,126667,147159692,128340,149107779,-1673,-1948086,7931,9247256,4144,4832315,3787,4414941
2024/11/06,ZMX,外資,56378,13103884,55148,12806950,1230,296934,1539,358954,162,37790,1377,321164
2024/11/06,ZMX,自營商,9224,2145554,8446,1960873,778,184681,1499,349802,13515,3152525,-12016,-2802723
2024/11/06,ZMX,投信,0,0,0,0,0,0,0,0,0,0,0,0
2024/11/06,NQF,自營商,62,63564,38,38384,24,25180,0,0,726,746038,-726,-746038
2024/11/06,NQF,外資,1352,1378012,1544,1574601,-192,-196589,108,112385,1619,1665426,-1511,-1553041
2024/11/06,NQF,投信,0,0,0,0,0,0,1,1028,0,0,1,1028
2024/11/07,TX,自營商,7255,33871287,7362,34387840,-107,-516553,7683,36162164,6977,32838251,706,3323913
2024/11/07,TX,外資,76754,357749502,78214,364648103,-1460,-6898600,12193,57369703,58139,273566213,-45946,-216196510
2024/11/07,TX,投信,479,2250841,314,1477204,165,773637,31814,149686904,6114,28766370,25700,120920534
2024/11/07,TE,投信,0,0,0,0,0,0,268,1385828,0,0,268,1385828
2024/11/07,MTX,投信,3,3528,0,0,3,3528,140,164675,12,14115,128,150560
2024/11/07,TE,自營商,96,491076,92,472475,4,18602,63,325775,180,930804,-117,-605029
2024/11/07,MTX,自營商,15105,17614675,14076,16406270,1029,1208405,3013,3548791,11173,13148319,-8160,-9599528
2024/11/07,TE,外資,527,2705276,557,2857437,-30,-152161,465,2404515,836,4322956,-371,-1918441
2024/11/07,ZMX,投信,0,0,0,0,0,0,0,0,0,0,0,0
2024/11/07,ZMX,自營商,13777,3215635,12417,2884909,1360,330726,1663,391577,9889,2327256,-8226,-1935679
2024/11/07,MTX,外資,148898,173421270,147614,171891671,1284,1529599,9076,10675711,3874,4557581,5202,6118130
2024/11/07,ZMX,外資,74489,17365884,67909,15807215,6580,1558669,4537,1067519,15,3542,4522,1063977
2024/11/07,NQF,自營商,37,38495,29,30352,8,8142,0,0,718,751997,-718,-751997
2024/11/07,NQF,外資,2372,2460737,2242,2325144,130,135594,112,118598,1493,1565000,-1381,-1446402
2024/11/07,NQF,投信,0,0,0,0,0,0,1,1047,0,0,1,1047
2024/11/08,TX,自營商,6115,28952129,6795,32162362,-680,-3210233,6838,32524950,6949,33049899,-111,-524949
2024/11/08,TE,投信,0,0,20,104320,-20,-104320,248,1299272,0,0,248,1299272
2024/11/08,TX,投信,149,708272,469,2226650,-320,-1518378,31398,149292702,6018,28614386,25380,120678316
2024/11/08,TE,外資,581,3027775,530,2761255,51,266520,477,2499003,797,4175483,-320,-1676480
2024/11/08,TE,自營商,49,255548,53,276324,-4,-20776,50,261954,180,943066,-130,-681112
2024/11/08,MTX,自營商,10739,12709233,9959,11783741,780,925492,3203,3811556,10614,12621318,-7411,-8809762
2024/11/08,MTX,外資,102030,120662554,95764,113242857,6266,7419697,8428,10018445,3571,4245323,4857,5773122
2024/11/08,ZMX,自營商,8774,2077444,6014,1422227,2760,655217,4229,1005805,6800,1617261,-2571,-611456
2024/11/08,TX,外資,53427,252762242,52124,246592958,1303,6169285,13436,63886595,56264,267541721,-42828,-203655126
2024/11/08,ZMX,外資,47316,11191309,44584,10542135,2732,649174,4032,958639,23,5475,4009,953164
2024/11/08,NQF,投信,0,0,0,0,0,0,1,1063,0,0,1,1063
2024/11/08,NQF,自營商,41,43134,12,12709,29,30425,0,0,689,732304,-689,-732304
2024/11/11,TX,投信,300,1414269,102,479253,198,935016,31617,149057219,6039,28470262,25578,120586957
2024/11/11,TX,自營商,9631,45301031,7327,34489419,2304,10811612,8806,41529246,6556,30918753,2250,10610493
2024/11/08,NQF,外資,714,753655,744,785251,-30,-31596,114,122647,1525,1622314,-1411,-1499667
2024/11/08,ZMX,投信,0,0,0,0,0,0,0,0,0,0,0,0
2024/11/11,TX,外資,61405,289096703,67137,316075161,-5732,-26978458,10275,48442251,61973,292190541,-51698,-243748290
2024/11/08,MTX,投信,1,1189,0,0,1,1189,140,166418,11,13076,129,153342
2024/11/11,TE,自營商,70,362106,67,347450,3,14656,59,306779,186,967159,-127,-660380
2024/11/11,TE,投信,0,0,0,0,0,0,248,1289501,0,0,248,1289501
2024/11/11,MTX,自營商,13461,15845633,14461,17027110,-1000,-1181477,2067,2438617,10860,12805715,-8793,-10367098
2024/11/11,MTX,投信,0,0,0,0,0,0,140,165004,11,12965,129,152039
2024/11/11,TE,外資,367,1901586,408,2113513,-41,-211927,453,2355419,814,4232474,-361,-1877055
2024/11/11,MTX,外資,107464,126453216,123128,144950525,-15664,-18497309,6556,7726996,7592,8949084,-1036,-1222088
2024/11/11,ZMX,投信,0,0,0,0,0,0,0,0,0,0,0,0
2024/11/11,ZMX,自營商,9481,2232642,15263,3592237,-5782,-1359594,169,39860,7752,1828358,-7583,-1788498
2024/11/11,NQF,投信,0,0,0,0,0,0,1,1065,0,0,1,1065
2024/11/11,ZMX,外資,45368,10681702,61152,14400566,-15784,-3718863,2315,545744,185,43635,2130,502109
2024/11/11,NQF,自營商,52,55281,10,10625,42,44656,0,0,647,688958,-647,-688958
2024/11/12,TX,自營商,11422,52853157,10991,50820253,431,2032904,8355,38241749,5686,26028345,2669,12213404
2024/11/11,NQF,外資,819,869359,696,738930,123,130429,115,123838,1403,1495287,-1288,-1371449
2024/11/12,TX,投信,443,2030280,764,3500191,-321,-1469911,31348,143420219,6091,27866325,25257,115553894
2024/11/12,TX,外資,71877,332711526,69555,321964986,2322,10746540,10642,48691074,60147,275211703,-49505,-226520629
2024/11/12,TE,外資,612,3111732,662,3366587,-50,-254855,421,2115609,832,4180966,-411,-2065357
2024/11/12,MTX,投信,0,0,1,1144,-1,-1144,140,160125,12,13725,128,146400
2024/11/12,MTX,自營商,15282,17690512,16089,18621412,-807,-930900,2234,2558107,11699,13390016,-9465,-10831909
2024/11/12,MTX,外資,128447,148733302,127135,147223920,1312,1509382,7348,8404392,7660,8763094,-312,-358702
2024/11/12,TE,自營商,140,710814,66,335032,74,375782,78,391967,130,653293,-52,-261326
2024/11/12,ZMX,投信,0,0,0,0,0,0,0,0,0,0,0,0
2024/11/12,ZMX,自營商,10396,2409283,14978,3466399,-4582,-1057116,104,23823,12704,2907934,-12600,-2884111
2024/11/12,ZMX,外資,58303,13506339,65134,15086327,-6831,-1579988,1127,257801,308,70539,819,187262
2024/11/12,TE,投信,0,0,10,51000,-10,-51000,248,1246250,10,50252,238,1195998
2024/11/12,NQF,投信,0,0,0,0,0,0,1,1060,0,0,1,1060
2024/11/12,NQF,自營商,36,38159,52,55115,-16,-16956,0,0,663,702913,-663,-702913
2024/11/12,NQF,外資,1012,1074075,727,771704,285,302370,114,122307,1117,1185580,-1003,-1063273
2024/11/13,TX,自營商,9555,43672514,10315,47156556,-760,-3484042,7581,34563277,5741,26174412,1840,8388865
2024/11/13,TE,自營商,70,351714,81,407241,-11,-55527,65,324961,136,680051,-71,-355090
2024/11/13,TX,投信,345,1574376,7,31929,338,1542448,31551,143787077,5956,27142683,25595,116644394
2024/11/13,TE,投信,0,0,0,0,0,0,248,1239802,10,49992,238,1189810
2024/11/13,MTX,自營商,15178,17339257,14870,16983897,308,355361,2304,2628225,10995,12534084,-8691,-9905859
2024/11/13,TX,外資,73472,335650653,69059,315542302,4413,20108351,12477,56864210,57271,261030627,-44794,-204166417
2024/11/13,TE,外資,633,3187888,598,3011725,35,176164,441,2204647,817,4084346,-376,-1879699
2024/11/13,MTX,投信,0,0,1,1139,-1,-1139,140,159502,13,14811,127,144691
2024/11/13,MTX,外資,137232,156694896,131826,150524061,5406,6170834,9451,10767661,4988,5684134,4463,5083527
2024/11/13,ZMX,自營商,14658,3347786,12181,2780293,2477,567493,154,35119,11312,2578893,-11158,-2543774
2024/11/13,ZMX,投信,0,0,0,0,0,0,0,0,0,0,0,0
2024/11/13,ZMX,外資,65155,14877694,61465,14028567,3690,849127,2319,528407,615,140216,1704,388191
2024/11/13,NQF,投信,0,0,0,0,0,0,1,1056,0,0,1,1056
2024/11/13,NQF,外資,1077,1141164,1058,1121212,19,19952,127,135615,1111,1174910,-984,-1039295
2024/11/14,TX,自營商,11137,50717098,10262,46745377,875,3971720,8288,37628664,5529,25105948,2759,12522716
2024/11/14,TX,投信,764,3471279,215,976508,549,2494771,32111,145736260,5967,27080633,26144,118655627
2024/11/14,TE,自營商,102,508784,86,429167,16,79617,72,358760,122,608005,-50,-249245
2024/11/14,TE,投信,0,0,0,0,0,0,248,1235685,10,49826,238,1185859
2024/11/14,TE,外資,798,3985348,798,3984405,0,943,444,2212274,820,4085732,-376,-1873458
2024/11/14,MTX,自營商,15369,17524803,15695,17898233,-326,-373431,2564,2912608,11676,13257732,-9112,-10345124
2024/11/14,MTX,投信,0,0,4,4541,-4,-4541,140,158844,17,19288,123,139556
2024/11/13,NQF,自營商,75,79338,3,3178,72,76160,0,0,591,624244,-591,-624244
2024/11/14,MTX,外資,148521,169278571,150599,171651708,-2078,-2373137,8371,9498054,6224,7063382,2147,2434672
2024/11/14,TX,外資,77549,353465336,79946,364459358,-2397,-10994022,11433,51892207,58681,266354169,-47248,-214461962
2024/11/14,ZMX,自營商,13548,3096209,14850,3387600,-1302,-291391,324,73556,13189,2994932,-12865,-2921376
2024/11/14,ZMX,投信,0,0,0,0,0,0,0,0,0,0,0,0
2024/11/14,NQF,投信,0,0,0,0,0,0,1,1056,0,0,1,1056
2024/11/14,ZMX,外資,66125,15083743,69774,15908458,-3649,-824716,1227,278431,842,191216,385,87215
2024/11/15,TX,投信,2119,9675160,2267,10338901,-148,-663741,31926,145357238,5930,26996110,25996,118361128
2024/11/14,NQF,外資,1095,1158999,1154,1221781,-59,-62782,108,115525,1151,1217258,-1043,-1101733
2024/11/15,TX,自營商,6533,29785119,7828,35707514,-1295,-5922395,6754,30765336,5289,24092914,1465,6672422
2024/11/15,TX,外資,65317,297745299,63416,289099830,1901,8645469,14280,65025876,59464,270777703,-45184,-205751827
2024/11/15,TE,投信,23,115000,25,124780,-2,-9779,246,1227101,10,49870,236,1177231
2024/11/15,TE,自營商,65,325207,74,370105,-9,-44898,68,339142,127,633505,-59,-294363
2024/11/14,NQF,自營商,14,14802,22,23254,-8,-8452,0,0,599,632754,-599,-632754
2024/11/15,MTX,自營商,11184,12753607,12036,13720855,-852,-967248,3377,3848933,13320,15171505,-9943,-11322572
2024/11/15,MTX,投信,117,133408,92,104795,25,28613,160,182246,12,13675,148,168571
2024/11/15,TE,外資,673,3361424,633,3161986,40,199438,446,2225281,782,3901277,-336,-1675996
2024/11/15,ZMX,外資,53566,12206991,46950,10695757,6616,1511234,4806,1094005,815,185676,3991,908329
2024/11/15,MTX,外資,111456,127007206,108075,123154900,3381,3852306,10536,11991512,5058,5758447,5478,6233065
2024/11/15,ZMX,投信,0,0,0,0,0,0,0,0,0,0,0,0
2024/11/15,NQF,外資,795,837292,996,1048397,-201,-211105,115,121812,1359,1422104,-1244,-1300292
2024/11/15,NQF,投信,0,0,0,0,0,0,1,1046,0,0,1,1046
2024/11/15,NQF,自營商,41,43281,4,4183,37,39097,0,0,562,587655,-562,-587655
2024/11/15,ZMX,自營商,9718,2216933,8905,2028954,813,187979,396,90233,12573,2863682,-12177,-2773449
2024/11/18,TX,自營商,11143,50452050,11173,50595673,-30,-143623,6647,30028518,5060,22871181,1587,7157337
2024/11/18,TE,外資,1219,6017464,1295,6394273,-76,-376808,400,1971613,812,4001125,-412,-2029512
2024/11/18,TX,投信,19216,86984111,18765,84856298,451,2127813,32550,147081557,6103,27576747,26447,119504810
2024/11/18,TX,外資,89921,407099228,91285,413373027,-1364,-6273799,14451,65293941,61034,275761600,-46583,-210467659
2024/11/18,TE,投信,178,879718,168,829047,10,50671,246,1212251,0,0,246,1212251
2024/11/18,MTX,投信,29,32793,38,42927,-9,-10134,154,174031,15,16956,139,157075
2024/11/18,MTX,自營商,15173,17188470,15664,17745043,-491,-556574,2246,2540117,13283,15010066,-11037,-12469949
2024/11/18,TE,自營商,118,583025,103,508527,15,74498,73,359121,122,600300,-49,-241179
2024/11/18,MTX,外資,112407,127309862,112219,127081740,188,228123,11525,13008286,6455,7289150,5070,5719136
2024/11/18,ZMX,自營商,11633,2640173,12383,2807292,-750,-167119,49,11102,13001,2937947,-12952,-2926845
2024/11/18,ZMX,投信,0,0,0,0,0,0,0,0,0,0,0,0
2024/11/18,NQF,自營商,18,18497,22,22537,-4,-4040,0,0,566,584310,-566,-584310
2024/11/18,ZMX,外資,48076,10892315,54556,12355661,-6480,-1463346,2105,475164,934,211029,1171,264135
2024/11/18,NQF,外資,1085,1120409,1346,1391516,-261,-271108,108,112901,1613,1666279,-1505,-1553378
2024/11/19,TX,自營商,13283,60418359,16553,75311126,-3270,-14892767,4159,19025737,5950,27236693,-1791,-8210956
2024/11/19,TX,投信,16997,77798494,16424,75089955,573,2708539,32961,150928212,5941,27203463,27020,123724749
2024/11/19,TE,自營商,210,1045010,220,1095490,-10,-50481,42,209834,87,435257,-45,-225423
2024/11/18,NQF,投信,0,0,0,0,0,0,1,1032,0,0,1,1032
2024/11/19,TE,投信,37,184998,37,184192,0,806,246,1231204,0,0,246,1231204
2024/11/19,TX,外資,88169,400520599,85050,386590796,3119,13929803,17897,81904707,59266,271270796,-41369,-189366089
2024/11/19,MTX,外資,118595,134330454,111813,126653865,6782,7676589,9557,10920810,4803,5490834,4754,5429976
2024/11/19,TE,外資,537,2670534,548,2726439,-11,-55905,398,1991961,821,4107716,-423,-2115755
2024/11/19,MTX,自營商,21500,24417362,21826,24779292,-326,-361931,2919,3341050,13878,15873359,-10959,-12532309
2024/11/19,MTX,投信,29,33177,29,33117,0,60,154,176292,15,17171,139,159121
2024/11/19,ZMX,自營商,17287,3927832,11768,2666105,5519,1261727,307,70238,7600,1738143,-7293,-1667905
2024/11/19,ZMX,投信,0,0,0,0,0,0,0,0,0,0,0,0
2024/11/19,NQF,投信,0,0,0,0,0,0,1,1034,0,0,1,1034
2024/11/19,ZMX,外資,55665,12602674,44866,10152328,10799,2450346,6417,1466159,857,195890,5560,1270269
2024/11/19,NQF,自營商,13,13465,4,4137,9,9328,0,0,557,575854,-557,-575854
2024/11/19,NQF,外資,1038,1070863,1065,1098692,-27,-27828,106,111006,1638,1694486,-1532,-1583480
2024/11/20,TX,自營商,17870,81527144,14924,68106779,2946,13420364,4424,20161810,5437,24782113,-1013,-4620303
2024/11/20,TE,自營商,245,1220999,242,1206691,3,14308,25,124355,116,577007,-91,-452652
2024/11/20,TE,投信,28,139833,18,89513,10,50320,256,1273395,0,0,256,1273395
2024/11/20,TX,外資,63038,287598186,69264,316065108,-6226,-28466922,12239,55758662,54124,246582950,-41885,-190824288
2024/11/20,MTX,自營商,23018,26261254,24036,27438547,-1018,-1177293,1502,1715235,10420,11877557,-8918,-10162322
2024/11/20,MTX,外資,99975,114027849,107860,123040864,-7885,-9013015,1298,1478357,7173,8170007,-5875,-6691650
2024/11/20,TX,投信,402,1833520,718,3273885,-316,-1440364,32730,149111334,6026,27453251,26704,121658083
2024/11/20,MTX,投信,2,2279,2,2278,0,1,156,177676,17,19362,139,158314
2024/11/20,ZMX,投信,0,0,0,0,0,0,0,0,0,0,0,0
2024/11/20,ZMX,外資,46068,10511482,49489,11289807,-3421,-778325,892,203189,21,4799,871,198390
2024/11/20,ZMX,自營商,10700,2442542,21328,4865629,-10628,-2423088,212,48414,12573,2865880,-12361,-2817466
2024/11/20,NQF,投信,0,0,0,0,0,0,1,1040,0,0,1,1040
2024/11/21,TX,自營商,6190,28012524,6412,29023307,-222,-1010783,4403,19886466,5675,25635560,-1272,-5749094
2024/11/20,TE,外資,415,2070589,475,2369210,-60,-298621,389,1934964,754,3750547,-365,-1815583
2024/11/20,NQF,外資,1282,1322878,1328,1369270,-46,-46392,87,91583,1665,1732514,-1578,-1640931
2024/11/20,NQF,自營商,20,20714,14,14512,6,6201,0,0,551,573095,-551,-573095
2024/11/21,TX,投信,733,3312882,593,2680417,140,632465,32949,148764735,6105,27564075,26844,121200660
2024/11/21,TX,外資,60354,273305657,59832,270913663,522,2391994,11141,50302089,54848,247642514,-43707,-197340425
2024/11/21,TE,自營商,110,542119,77,379413,33,162707,31,152340,89,437369,-58,-285029
2024/11/21,TE,外資,557,2745742,601,2963736,-44,-217993,404,1985337,813,3995245,-409,-2009908
2024/11/21,MTX,自營商,8012,9074319,8053,9120670,-41,-46351,1623,1836594,10860,12267721,-9237,-10431127
2024/11/21,MTX,投信,0,0,3,3387,-3,-3387,155,174956,19,21446,136,153510
2024/11/21,ZMX,自營商,7433,1685542,12320,2790535,-4887,-1104993,1075,242728,16193,3657339,-15118,-3414611
2024/11/21,MTX,外資,104385,118173307,111610,126347321,-7225,-8174014,766,864666,5447,6148972,-4681,-5284306
2024/11/21,TE,投信,0,0,0,0,0,0,256,1258035,0,0,256,1258035
2024/11/21,ZMX,投信,0,0,0,0,0,0,0,0,0,0,0,0
2024/11/21,NQF,自營商,38,39415,118,121990,-80,-82575,0,0,631,652454,-631,-652454
2024/11/21,NQF,外資,1057,1094296,956,988084,101,106212,76,79533,1553,1606309,-1477,-1526776
2024/11/21,NQF,投信,0,0,0,0,0,0,1,1034,0,0,1,1034
2024/11/21,ZMX,外資,44436,10064203,50254,11377976,-5818,-1313773,1193,269332,1355,306032,-162,-36700
2024/11/22,TX,自營商,7395,33758933,9172,41904797,-1777,-8145864,3704,17069176,6973,32130817,-3269,-15061641
2024/11/22,TX,投信,507,2334211,430,1979081,77,355129,32900,151550560,5979,27541666,26921,124008894
2024/11/22,TX,外資,80639,367160181,77033,350778100,3606,16382081,12771,58828740,50973,234805759,-38202,-175977019
2024/11/22,TE,外資,613,3073603,573,2872965,40,200638,414,2086974,783,3947103,-369,-1860129
2024/11/22,TE,自營商,57,284640,118,589802,-61,-305162,35,176435,153,771273,-118,-594838
2024/11/22,TE,投信,10,50407,0,0,10,50407,266,1340906,0,0,266,1340906
2024/11/22,MTX,投信,1,1152,0,0,1,1152,155,178498,18,20729,137,157769
2024/11/22,ZMX,自營商,19367,4414242,10870,2467094,8497,1947149,5639,1299078,11965,2756682,-6326,-1457604
2024/11/22,MTX,自營商,12042,13742787,10942,12475038,1100,1267749,2925,3374226,10241,11800774,-7316,-8426548
2024/11/22,MTX,外資,150983,171773180,137892,156878691,13091,14894489,5668,6527572,2645,3046119,3023,3481453
2024/11/22,ZMX,投信,0,0,0,0,0,0,0,0,0,0,0,0
2024/11/22,NQF,自營商,29,30054,38,39396,-9,-9342,0,0,640,665696,-640,-665696
2024/11/22,NQF,投信,0,0,0,0,0,0,1,1040,0,0,1,1040
2024/11/22,NQF,外資,2170,2250840,2246,2329234,-76,-78394,179,188483,1732,1803102,-1553,-1614619
2024/11/22,ZMX,外資,80681,18348877,61989,14085973,18692,4262904,7535,1735461,50,11541,7485,1723920
2024/11/25,TX,自營商,5819,26898837,5353,24769316,466,2129521,4306,19869339,7050,32529137,-2744,-12659798
2024/11/25,TE,自營商,59,297971,52,263133,7,34838,44,221258,156,784462,-112,-563204
2024/11/25,TX,投信,143,659587,382,1763740,-239,-1104153,32661,150645596,5979,27577540,26682,123068056
2024/11/25,TE,投信,0,0,0,0,0,0,266,1337608,0,0,266,1337608
2024/11/25,TX,外資,49832,230252178,56378,260507713,-6546,-30255536,12115,55879784,58458,269637348,-46343,-213757564
2024/11/25,TE,外資,412,2082771,474,2394665,-62,-311894,348,1749953,779,3917279,-431,-2167326
2024/11/25,MTX,自營商,7221,8346108,8388,9696331,-1167,-1350222,2801,3235373,11926,13760796,-9125,-10525423
2024/11/25,MTX,投信,0,0,0,0,0,0,155,178731,18,20756,137,157975
2024/11/25,MTX,外資,83018,95894531,93905,108472360,-10887,-12577829,2407,2775521,5204,6001220,-2797,-3225699
2024/11/25,ZMX,投信,0,0,0,0,0,0,0,0,0,0,0,0
2024/11/25,NQF,自營商,40,41568,36,37461,4,4107,0,0,636,666846,-636,-666846
2024/11/25,NQF,投信,0,0,0,0,0,0,1,1049,0,0,1,1049
2024/11/25,ZMX,外資,37507,8664686,47035,10861916,-9528,-2197230,4599,1060621,77,17793,4522,1042828
2024/11/26,TX,自營商,7995,36407030,6624,30184281,1371,6222749,4672,21158247,6067,27478230,-1395,-6319983
2024/11/26,TX,投信,116,527813,981,4450779,-865,-3922966,31976,144748957,6159,27880561,25817,116868396
2024/11/25,NQF,外資,938,977813,910,948579,28,29234,172,182612,1697,1781021,-1525,-1598409
2024/11/25,ZMX,自營商,4276,990220,8868,2049166,-4592,-1058946,3384,780725,12272,2831422,-8888,-2050697
2024/11/26,TE,自營商,94,465683,46,227771,48,237912,54,266058,116,571532,-62,-305474
2024/11/26,MTX,自營商,9750,11114035,9929,11318675,-179,-204640,3232,3662808,12758,14450315,-9526,-10787507
2024/11/26,MTX,投信,0,0,0,0,0,0,155,175414,18,20371,137,155043
2024/11/26,MTX,外資,93712,106873243,100057,114135566,-6345,-7262323,1790,2025749,5522,6250406,-3732,-4224657
2024/11/26,TE,投信,0,0,0,0,0,0,266,1310582,0,0,266,1310582
2024/11/26,TE,外資,460,2277540,490,2426499,-30,-148959,332,1635764,793,3907111,-461,-2271347
2024/11/26,ZMX,外資,38575,8805970,47532,10851201,-8957,-2045231,1725,390451,30,6817,1695,383634
2024/11/26,ZMX,自營商,5448,1242809,14585,3325812,-9137,-2083003,1709,386951,18184,4118148,-16475,-3731197
2024/11/26,NQF,自營商,21,21985,57,59975,-36,-37990,0,0,672,702192,-672,-702192
2024/11/26,ZMX,投信,0,0,0,0,0,0,0,0,0,0,0,0
2024/11/26,NQF,投信,0,0,0,0,0,0,1,1044,0,0,1,1044
2024/11/27,TX,自營商,8354,37674975,7861,35442551,493,2232425,5046,22567369,5765,25785939,-719,-3218570
2024/11/27,TX,投信,294,1317748,375,1678648,-81,-360900,32025,143164560,6289,28114346,25736,115050214
2024/11/27,TX,外資,55947,252513428,52729,238098473,3218,14414955,12975,58004929,58313,260693251,-45338,-202688322
2024/11/27,TE,自營商,88,430894,60,293903,28,136991,40,194424,89,432605,-49,-238181
2024/11/27,MTX,投信,1,1118,2,2236,-1,-1118,156,174346,20,22352,136,151994
2024/11/27,TE,外資,388,1902017,390,1911368,-2,-9351,331,1608859,794,3859316,-463,-2250457
2024/11/27,MTX,自營商,10042,11333894,10125,11426456,-83,-92562,2129,2384293,12344,13808118,-10215,-11423825
2024/11/27,MTX,外資,96074,108474731,94202,106364410,1872,2110321,3870,4325121,5533,6185210,-1663,-1860089
2024/11/27,ZMX,外資,42558,9616949,44766,10107731,-2208,-490783,1897,424077,1475,329717,422,94360
2024/11/27,TE,投信,0,0,8,38898,-8,-38898,258,1254035,0,0,258,1254035
2024/11/26,TX,外資,56883,259383389,57343,261512273,-460,-2128883,11634,52665694,60096,272050443,-48462,-219384749
2024/11/27,ZMX,自營商,6212,1404390,9768,2202647,-3556,-798257,1055,235890,22006,4921545,-20951,-4685655
2024/11/27,NQF,自營商,49,51368,0,0,49,51368,1,1049,624,654713,-623,-653664
2024/11/27,NQF,投信,0,0,0,0,0,0,1,1049,0,0,1,1049
2024/11/27,ZMX,投信,0,0,0,0,0,0,0,0,0,0,0,0
2024/11/27,NQF,外資,897,941033,801,840165,96,100868,273,290008,1527,1603309,-1254,-1313301
2024/11/26,NQF,外資,1341,1403692,1166,1219769,175,183923,196,207282,1546,1615844,-1350,-1408562
2024/11/28,TX,自營商,7319,32608283,7736,34490959,-417,-1882676,4926,22010523,5899,26359859,-973,-4349336
2024/11/28,TE,投信,0,0,0,0,0,0,258,1251816,0,0,258,1251816
2024/11/28,TX,投信,1369,6107390,124,553188,1245,5554202,33293,148686538,6312,28189392,26981,120497146
2024/11/28,TE,自營商,51,246931,46,222541,5,24390,53,257156,97,470655,-44,-213499
2024/11/28,MTX,自營商,9747,10867016,9066,10107670,681,759346,1422,1593505,11478,12827988,-10056,-11234483
2024/11/28,MTX,投信,0,0,1,1116,-1,-1116,156,174174,21,23447,135,150727
2024/11/28,TX,外資,63329,282154529,65340,291187893,-2011,-9033364,12212,54540786,59472,265613826,-47260,-211073040
2024/11/28,TE,外資,417,2017720,458,2216158,-41,-198438,317,1538084,821,3983492,-504,-2445408
2024/11/28,ZMX,投信,0,0,0,0,0,0,0,0,0,0,0,0
2024/11/28,ZMX,自營商,10276,2293062,8154,1817495,2122,475567,549,122709,20028,4474952,-19479,-4352243
2024/11/28,MTX,外資,122766,136774709,121459,135315292,1307,1459417,3992,4457100,4481,5004615,-489,-547515
2024/11/28,ZMX,外資,57954,12916143,53940,12016334,4014,899809,3331,743901,10,2249,3321,741652
2024/11/28,NQF,自營商,37,38625,30,31558,7,7067,0,0,616,643753,-616,-643753
2024/11/28,NQF,外資,677,706352,709,739690,-32,-33338,312,329472,1598,1670673,-1286,-1341201
2024/11/28,NQF,投信,0,0,0,0,0,0,1,1044,0,0,1,1044
2024/11/29,TX,自營商,6580,29254483,6291,28029083,289,1225401,5169,23072115,5882,26256295,-713,-3184180
2024/11/29,TX,外資,51468,229072783,49237,219095980,2231,9976803,12597,56202633,57456,256346974,-44859,-200144341
2024/11/29,TE,自營商,46,222780,45,217817,1,4963,47,228373,90,437310,-43,-208937
2024/11/29,TX,投信,359,1599921,188,839276,171,760645,33503,149470284,6351,28334351,27152,121135933
2024/11/29,TE,外資,528,2560312,553,2681361,-25,-121050,271,1316789,800,3887213,-529,-2570424
2024/11/29,TE,投信,0,0,0,0,0,0,258,1253622,0,0,258,1253622
2024/11/29,MTX,自營商,8363,9304364,8091,9004452,272,299912,2041,2282565,11711,13074334,-9670,-10791769
2024/11/29,MTX,投信,0,0,0,0,0,0,156,173995,21,23422,135,150573
2024/11/29,ZMX,自營商,7322,1630670,7215,1603352,107,27319,584,130440,19946,4451935,-19362,-4321495
2024/11/29,MTX,外資,83643,93052085,83899,93337041,-256,-284956,3478,3879230,4416,4926945,-938,-1047715
2024/11/29,ZMX,外資,39813,8862122,36767,8176870,3046,685252,3966,884791,34,7613,3932,877178
2024/11/29,NQF,自營商,39,40687,9,9384,30,31302,0,0,586,613579,-586,-613579
2024/11/29,ZMX,投信,0,0,0,0,0,0,0,0,0,0,0,0
2024/11/29,NQF,投信,0,0,0,0,0,0,1,1046,0,0,1,1046
2024/12/02,TX,自營商,5741,25922743,7339,33182450,-1598,-7259707,4821,22016651,7147,32635119,-2326,-10618468
2024/11/29,NQF,外資,299,312503,257,268561,42,43942,316,334723,1560,1634066,-1244,-1299343
2024/12/02,TE,投信,0,0,0,0,0,0,258,1288142,0,0,258,1288142
2024/12/02,TE,自營商,59,292280,91,450926,-32,-158646,40,199712,115,574172,-75,-374460
2024/12/02,TX,投信,862,3932009,431,1964476,431,1967533,33681,153733556,6098,27833711,27583,125899845
2024/12/02,TX,外資,56146,253138342,51166,230715390,4980,22422952,15865,72416517,53374,243632310,-37509,-171215793
2024/12/02,MTX,投信,0,0,0,0,0,0,156,178012,21,23963,135,154049
2024/12/02,MTX,自營商,11678,13185897,10485,11826235,1193,1359662,3737,4272333,12112,13830313,-8375,-9557980
2024/12/02,TE,外資,364,1805434,348,1725281,16,80153,258,1288142,771,3849457,-513,-2561315
2024/12/02,MTX,外資,96732,108963294,87713,98788599,9019,10174695,5092,5810570,3880,4428438,1212,1382132
2024/12/02,NQF,自營商,9,9409,42,44079,-33,-34670,0,0,619,649785,-619,-649785
2024/12/02,ZMX,自營商,14093,3183772,6704,1504550,7389,1679222,2679,611870,14862,3393319,-12183,-2781449
2024/12/02,ZMX,投信,0,0,0,0,0,0,0,0,0,0,0,0
2024/12/02,ZMX,外資,53836,12127733,36540,8216086,17296,3911647,8183,1867594,10,2297,8173,1865297
2024/12/02,NQF,投信,0,0,0,0,0,0,1,1049,0,0,1,1049
2024/12/02,NQF,外資,490,513131,688,721192,-198,-208062,318,337621,1760,1848494,-1442,-1510873
2024/12/03,TX,自營商,7071,32611636,7982,36810491,-911,-4198855,4330,20026942,7554,34928354,-3224,-14901412
2024/12/03,TX,外資,48854,225102889,50382,232137603,-1528,-7034714,14441,66753107,53276,246267183,-38835,-179514076
2024/12/03,TE,自營商,77,388929,94,475222,-17,-86293,62,313903,154,779640,-92,-465737
2024/12/03,TX,投信,861,3977484,288,1330308,573,2647176,33985,157085467,5829,26942804,28156,130142663
2024/12/03,TE,投信,8,40505,0,0,8,40505,266,1346652,0,0,266,1346652
2024/12/03,TE,外資,601,3037657,624,3154226,-23,-116569,210,1063146,746,3776707,-536,-2713561
2024/12/03,MTX,投信,0,0,0,0,0,0,156,180266,21,24267,135,155999
2024/12/03,MTX,自營商,8642,9963582,7896,9101511,746,862071,4577,5298210,12237,14149004,-7660,-8850794
2024/12/03,ZMX,外資,39839,9172702,36352,8370246,3487,802456,8680,2006319,15,3484,8665,2002835
2024/12/03,ZMX,投信,0,0,0,0,0,0,0,0,0,0,0,0
2024/12/03,MTX,外資,87404,100664368,84057,96810568,3347,3853800,8223,9502127,3873,4476762,4350,5025365
2024/12/03,NQF,自營商,1,1061,2,2121,-1,-1060,0,0,620,659244,-620,-659244
2024/12/03,NQF,投信,0,0,0,0,0,0,1,1062,0,0,1,1062
2024/12/03,NQF,外資,817,864446,976,1032595,-159,-168149,294,316182,1895,2016030,-1601,-1699848
2024/12/04,TX,自營商,8029,37165813,6821,31570964,1208,5594849,4611,21489379,6622,30853486,-2011,-9364107
2024/12/03,ZMX,自營商,7945,1831654,4864,1121287,3081,710367,3397,785651,12604,2914175,-9207,-2128524
2024/12/04,TX,外資,47736,220611727,48546,224415292,-810,-3803565,13991,65163666,52778,245815366,-38787,-180651700
2024/12/04,TX,投信,172,800769,672,3119608,-500,-2318840,33393,155517880,5737,26718356,27656,128799524
2024/12/04,TE,外資,394,2001895,394,2001575,0,320,227,1160969,763,3902299,-536,-2741330
2024/12/04,TE,自營商,73,371009,50,253877,23,117131,74,378500,144,736474,-70,-357974
2024/12/04,TE,投信,0,0,0,0,0,0,266,1360430,0,0,266,1360430
2024/12/04,MTX,自營商,9014,10431906,8417,9739635,597,692270,5510,6427138,12811,14925847,-7301,-8498709
2024/12/04,ZMX,投信,0,0,0,0,0,0,0,0,0,0,0,0
2024/12/04,NQF,自營商,3,3187,1,1068,2,2119,0,0,618,661234,-618,-661234
2024/12/04,ZMX,外資,41620,9615651,40337,9314809,1283,300842,9958,2319283,10,2343,9948,2316940
2024/12/04,MTX,外資,89308,103178159,89758,103700232,-450,-522073,4582,5334914,4114,4791288,468,543626
2024/12/04,MTX,投信,2,2328,0,0,2,2328,156,181631,19,22122,137,159509
2024/12/04,ZMX,自營商,9269,2147375,6602,1525983,2667,621392,5831,1358692,11836,2757440,-6005,-1398748
2024/12/04,NQF,投信,0,0,0,0,0,0,1,1069,0,0,1,1069
2024/12/04,NQF,外資,638,678391,583,619714,55,58677,307,332063,1853,1983534,-1546,-1651471
2024/12/05,TX,投信,177,824109,494,2298101,-317,-1473992,33089,153877086,5750,26739800,27339,127137286
2024/12/05,TX,外資,39081,181946844,38502,179258318,579,2688526,14579,67804103,52787,245503221,-38208,-177699118
2024/12/05,TX,自營商,4842,22540325,4365,20327030,477,2213295,4733,22026596,6283,29232616,-1550,-7206020
2024/12/05,TE,自營商,54,276778,52,266564,2,10214,76,389525,144,738000,-68,-348475
2024/12/05,MTX,投信,0,0,1,1162,-1,-1162,156,181366,20,23252,136,158114
2024/12/05,TE,投信,0,0,7,35917,-7,-35917,259,1327375,0,0,259,1327375
2024/12/05,MTX,自營商,5505,6409584,5353,6233624,152,175960,5465,6366752,12703,14779142,-7238,-8412390
2024/12/05,TE,外資,367,1880043,359,1838846,8,41197,241,1235125,769,3941133,-528,-2706008
2024/12/05,MTX,外資,71379,83080809,73554,85611992,-2175,-2531182,4509,5242199,6216,7228716,-1707,-1986517
2024/12/05,ZMX,投信,0,0,0,0,0,0,0,0,0,0,0,0
2024/12/05,NQF,自營商,16,17170,0,0,16,17170,2,2152,604,650411,-602,-648259
2024/12/05,ZMX,自營商,4646,1082325,6149,1431111,-1503,-348785,6215,1446137,12958,3014423,-6743,-1568286
2024/12/05,ZMX,外資,30345,7065075,31298,7285829,-953,-220754,9005,2094317,10,2340,8995,2091977
2024/12/06,TX,自營商,4656,21659383,4930,22947119,-274,-1287736,4622,21444470,6440,29870579,-1818,-8426109
2024/12/05,NQF,投信,0,0,0,0,0,0,1,1076,0,0,1,1076
2024/12/06,TX,投信,95,441000,625,2899072,-530,-2458072,32563,150962068,5754,26675544,26809,124286524
2024/12/06,TE,自營商,51,260726,71,363699,-20,-102973,68,346193,156,794134,-88,-447941
2024/12/05,NQF,外資,887,953362,741,796291,146,157071,312,339834,1712,1844358,-1400,-1504524
2024/12/06,TE,投信,0,0,4,20480,-4,-20480,259,1318465,4,20362,255,1298103
2024/12/06,MTX,自營商,6759,7869045,7179,8357056,-420,-488011,5209,6049798,12879,14937951,-7670,-8888153
2024/12/06,TX,外資,43837,204095506,41812,194693167,2025,9402340,15880,73625788,52063,241388295,-36183,-167762507
2024/12/06,TE,外資,500,2558884,467,2388498,33,170386,256,1303194,751,3823051,-495,-2519857
2024/12/06,MTX,外資,80759,94026970,78863,91814077,1896,2212893,5665,6565765,5476,6348896,189,216869
2024/12/06,MTX,投信,0,0,1,1159,-1,-1159,156,180804,21,24339,135,156465
2024/12/06,ZMX,投信,0,0,0,0,0,0,0,0,0,0,0,0
2024/12/06,ZMX,自營商,4472,1041843,7027,1634923,-2555,-593079,4554,1056565,13912,3226413,-9358,-2169848
2024/12/06,NQF,自營商,6,6446,5,5371,1,1075,2,2148,603,648169,-601,-646021
2024/12/06,ZMX,外資,34159,7958607,33498,7800224,661,158384,9669,2241823,13,3029,9656,2238794
2024/12/09,TX,自營商,4113,19112940,3941,18316129,172,796811,4970,23131496,6636,30875350,-1666,-7743854
2024/12/06,NQF,投信,0,0,0,0,0,0,1,1074,0,0,1,1074
2024/12/09,TX,外資,38983,181170416,40469,188077176,-1486,-6906760,15082,70140715,52660,244900583,-37578,-174759868
2024/12/06,NQF,外資,450,485397,490,527753,-40,-42355,355,386098,1795,1930155,-1440,-1544057
2024/12/09,TX,投信,46,213933,383,1779644,-337,-1565711,32232,149878800,5760,26784000,26472,123094800
2024/12/09,TE,外資,470,2399935,455,2323387,15,76548,269,1376903,749,3833842,-480,-2456939
2024/12/09,TE,投信,0,0,10,51120,-10,-51120,249,1274531,4,20474,245,1254057
2024/12/09,TE,自營商,44,224867,40,204305,4,20562,69,353215,153,783146,-84,-429931
2024/12/09,MTX,自營商,5975,6945127,6022,6998262,-47,-53136,5020,5849615,12654,14724360,-7634,-8874745
2024/12/09,ZMX,自營商,4128,960431,3869,899354,259,61077,5142,1196803,14256,3316578,-9114,-2119775
2024/12/09,MTX,外資,73242,85104911,74534,86607089,-1292,-1502178,5050,5870715,6209,7220394,-1159,-1349679
2024/12/09,ZMX,投信,0,0,0,0,0,0,0,0,0,0,0,0
2024/12/09,MTX,投信,0,0,0,0,0,0,156,181350,21,24413,135,156937
2024/12/09,ZMX,外資,32217,7488681,31541,7330421,676,158260,8802,2046754,10,2342,8792,2044412
2024/12/09,NQF,投信,0,0,0,0,0,0,1,1083,0,0,1,1083
2024/12/10,TX,自營商,8319,38612421,7523,34961865,796,3650556,6029,27852769,6913,31932254,-884,-4079485
2024/12/09,NQF,外資,809,874628,600,648004,209,226624,401,439596,1632,1769564,-1231,-1329968
2024/12/09,NQF,自營商,3,3241,0,0,3,3241,4,4331,602,652478,-598,-648147
2024/12/10,TX,外資,55457,257678970,54924,255130608,533,2548362,18172,83889400,55562,256493531,-37390,-172604131
2024/12/10,TE,外資,462,2351308,466,2371036,-4,-19728,253,1282305,737,3735421,-484,-2453116
2024/12/10,TE,投信,0,0,4,20306,-4,-20306,245,1241758,4,20274,241,1221484
2024/12/10,TX,投信,235,1084932,610,2816149,-375,-1731216,31951,147473036,5854,27019722,26097,120453314
2024/12/10,MTX,自營商,12093,14046850,13487,15667296,-1394,-1620446,3746,4335360,12760,14742272,-9014,-10406912
2024/12/10,MTX,投信,0,0,2,2308,-2,-2308,156,180008,23,26540,133,153468
2024/12/10,TE,自營商,40,203707,46,234359,-6,-30652,73,370025,163,826149,-90,-456124
2024/12/10,MTX,外資,95937,111538067,95637,111177405,300,360662,5886,6791877,6540,7549751,-654,-757874
2024/12/10,ZMX,自營商,7357,1715126,9942,2311077,-2585,-595951,2920,675105,14409,3328333,-11489,-2653228
2024/12/10,ZMX,投信,0,0,0,0,0,0,0,0,0,0,0,0
2024/12/10,ZMX,外資,39394,9170774,46891,10900103,-7497,-1729329,7187,1658973,17,3943,7170,1655030
2024/12/10,NQF,投信,0,0,0,0,0,0,1,1073,0,0,1,1073
2024/12/10,NQF,自營商,26,28004,21,22577,5,5427,0,0,593,637212,-593,-637212
2024/12/11,TX,自營商,8875,40715206,7688,35291533,1187,5423673,7099,32468053,6848,31316883,251,1151170
2024/12/10,NQF,外資,801,864442,1120,1209796,-319,-345355,388,422086,1938,2084454,-1550,-1662368
2024/12/11,TX,外資,47540,218311508,49825,228806351,-2285,-10494843,19117,87369629,59085,270035418,-39968,-182665789
2024/12/11,TX,投信,316,1445730,474,2168604,-158,-722874,31808,145343475,5869,26818053,25939,118525422
2024/12/11,TE,自營商,81,407408,33,166245,48,241163,81,406478,110,551954,-29,-145476
2024/12/11,TE,投信,7,35130,6,30217,1,4913,250,1254400,8,40141,242,1214259
2024/12/11,MTX,自營商,11555,13266734,12452,14298762,-897,-1032028,2366,2713189,12067,13805068,-9701,-11091879
2024/12/11,TE,外資,455,2291052,515,2593092,-60,-302040,208,1043661,752,3773253,-544,-2729592
2024/12/11,ZMX,投信,0,0,0,0,0,0,0,0,0,0,0,0
2024/12/11,ZMX,自營商,5863,1348162,7638,1755204,-1775,-407042,2509,574186,15088,3451233,-12579,-2877047
2024/12/11,ZMX,外資,37148,8537833,43162,9912561,-6014,-1374728,6063,1385624,12,2761,6051,1382863
2024/12/11,MTX,投信,2,2290,4,4569,-2,-2279,157,179354,26,29701,131,149653
2024/12/11,NQF,投信,0,0,0,0,0,0,1,1072,0,0,1,1072
2024/12/11,MTX,外資,84923,97529988,88630,101798993,-3707,-4269005,5649,6453219,9817,11218715,-4168,-4765496
2024/12/11,NQF,自營商,3,3219,45,48296,-42,-45078,0,0,635,681102,-635,-681102
2024/12/12,TX,自營商,6218,28699290,6682,30848058,-464,-2148768,6724,31108128,6928,32045352,-204,-937224
2024/12/11,NQF,外資,880,946852,732,788759,148,158093,343,372355,1745,1874740,-1402,-1502385
2024/12/12,TE,投信,3,15240,0,0,3,15240,253,1285939,8,40661,245,1245278
2024/12/12,TX,投信,571,2639113,239,1104496,332,1534617,32098,148338727,5827,26929551,26271,121409176
2024/12/12,TE,自營商,62,314934,50,253940,12,60994,98,498136,115,584513,-17,-86377
2024/12/12,TX,外資,46792,215734234,46324,213587792,468,2146442,20878,96509665,60293,278701095,-39415,-182191430
2024/12/12,MTX,自營商,10960,12663116,10757,12421985,203,241131,3650,4231585,13193,15264989,-9543,-11033404
2024/12/12,MTX,投信,26,30030,15,17363,11,12667,157,181395,15,17369,142,164026
2024/12/12,TE,外資,419,2131335,421,2141040,-2,-9705,220,1118172,766,3893285,-546,-2775113
2024/12/12,ZMX,自營商,8712,2012120,5208,1201067,3504,811053,4739,1096346,13769,3184755,-9030,-2088409
2024/12/12,MTX,外資,80865,93192714,78930,90967757,1935,2224958,6236,7205081,8041,9293846,-1805,-2088765
2024/12/12,ZMX,投信,0,0,0,0,0,0,0,0,0,0,0,0
2024/12/12,NQF,投信,0,0,0,0,0,0,1,1088,0,0,1,1088
2024/12/12,ZMX,外資,38584,8890108,32115,7400431,6469,1489677,8690,2008447,10,2332,8680,2006115
2024/12/12,NQF,外資,1189,1288456,916,994235,273,294221,312,343763,1441,1572956,-1129,-1229193
2024/12/12,NQF,自營商,145,157690,5,5440,140,152250,2,2176,497,541418,-495,-539242
2024/12/13,TX,自營商,8244,37931183,7879,36248064,365,1683118,7839,36078327,7670,35287185,169,791142
2024/12/13,TE,自營商,67,339879,55,278776,12,61103,104,527409,111,562886,-7,-35477
2024/12/13,TE,投信,18,91177,0,0,18,91177,271,1374352,8,40566,263,1333786
2024/12/13,TX,投信,235,1082014,255,1173171,-20,-91157,32036,147265182,5785,26592801,26251,120672381
2024/12/13,TE,外資,608,3082305,631,3199450,-23,-117145,195,989468,764,3875020,-569,-2885552
2024/12/13,TX,外資,56506,259866429,58186,267616469,-1680,-7750040,19380,89129076,61541,282992038,-42161,-193862962
2024/12/13,MTX,外資,87991,101145584,90040,103501291,-2049,-2355706,5918,6802139,6158,7081746,-240,-279607
2024/12/13,MTX,自營商,11047,12711552,11455,13183321,-408,-471769,2748,3169520,12835,14773859,-10087,-11604339
2024/12/13,MTX,投信,100,115234,99,113849,1,1385,158,181808,15,17273,143,164535
2024/12/13,ZMX,自營商,7676,1767756,9637,2217748,-1961,-449992,5569,1281098,16040,3690825,-10471,-2409727
2024/12/13,ZMX,投信,0,0,0,0,0,0,0,0,0,0,0,0
2024/12/13,ZMX,外資,35728,8214071,40444,9295726,-4716,-1081655,7306,1679783,92,21167,7214,1658616
2024/12/13,NQF,自營商,6,6512,4,4342,2,2170,0,0,493,536334,-493,-536334
2024/12/13,NQF,投信,0,0,0,0,0,0,1,1087,0,0,1,1087
2024/12/16,TX,自營商,11967,55294424,12515,57855825,-548,-2561401,6335,29142601,6780,31184237,-445,-2041636
2024/12/13,NQF,外資,623,676672,734,799072,-111,-122400,266,292701,1506,1642641,-1240,-1349940
2024/12/16,TX,投信,21255,98148635,21271,98080117,-16,68518,32019,147243556,5784,26598624,26235,120644932
2024/12/16,TE,投信,206,1050684,197,1003589,9,47095,280,1421862,8,40595,272,1381267
2024/12/16,TE,自營商,163,832061,177,903481,-14,-71420,184,934090,205,1040293,-21,-106203
2024/12/16,TE,外資,1238,6314713,1196,6100020,42,214693,194,985045,721,3660970,-527,-2675925
2024/12/16,TX,外資,89116,411680485,88061,406981729,1055,4698757,18780,86355710,59850,275207743,-41070,-188852033
2024/12/16,MTX,自營商,15040,17391153,15394,17804760,-354,-413607,2408,2775077,12832,14758690,-10424,-11983613
2024/12/16,MTX,投信,15,17402,12,13881,3,3520,162,186305,16,18411,146,167894
2024/12/16,ZMX,自營商,8841,2048743,9219,2130469,-378,-81726,4666,1072422,14280,3283405,-9614,-2210983
2024/12/16,MTX,外資,102109,117991753,100827,116510447,1282,1481306,7381,8478869,6315,7257916,1066,1220953
2024/12/16,ZMX,投信,0,0,0,0,0,0,0,0,0,0,0,0
2024/12/16,NQF,投信,0,0,0,0,0,0,1,1089,0,0,1,1089
2024/12/16,NQF,外資,816,890754,796,868346,20,22408,221,244161,1441,1575300,-1220,-1331139
2024/12/16,ZMX,外資,45257,10463278,44516,10285908,741,177370,7125,1636853,10,2316,7115,1634537
2024/12/17,TX,投信,15664,72471496,15580,71972861,84,498635,32052,148043101,5729,26462816,26323,121580285
2024/12/17,TX,自營商,10375,47940387,11549,53384985,-1174,-5444598,5341,24646434,7098,32765710,-1757,-8119276
2024/12/16,NQF,自營商,155,169117,2,2210,153,166907,0,0,340,371136,-340,-371136
2024/12/17,TE,外資,558,2859136,530,2716265,28,142871,210,1074106,709,3627334,-499,-2553228
2024/12/17,TX,外資,76096,351622292,75041,346856304,1055,4765988,22263,102730862,62025,286278359,-39762,-183547497
2024/12/17,TE,投信,65,332916,31,158352,34,174564,314,1606746,8,40883,306,1565863
2024/12/17,MTX,自營商,12615,14585613,12306,14228737,309,356877,2767,3195554,12336,14233631,-9569,-11038077
2024/12/17,TE,自營商,186,952839,212,1085901,-26,-133062,217,1109763,264,1349599,-47,-239836
2024/12/17,MTX,投信,48,55418,45,51822,3,3596,163,188232,14,16167,149,172065
2024/12/17,ZMX,自營商,9195,2128291,8598,1987346,597,140944,4728,1089850,13715,3163187,-8987,-2073337
2024/12/17,ZMX,投信,0,0,0,0,0,0,0,0,0,0,0,0
2024/12/17,ZMX,外資,34489,7966267,28465,6573321,6024,1392946,8569,1973829,0,0,8569,1973829
2024/12/17,NQF,自營商,271,297835,79,87283,192,210551,0,0,148,164166,-148,-164166
2024/12/17,MTX,外資,79222,91496085,76814,88714167,2408,2781917,8800,10138388,5424,6253392,3376,3884996
2024/12/17,NQF,外資,986,1086109,811,895638,175,190471,462,514967,1507,1673920,-1045,-1158953
2024/12/17,NQF,投信,0,0,0,0,0,0,1,1105,0,0,1,1105
2024/12/18,TX,投信,1204,5560498,1204,5544333,0,16165,32052,148586662,5729,26558498,26323,122028164
2024/12/18,TX,外資,65144,299943616,63427,292112414,1717,7831203,16620,77047273,51338,237994243,-34718,-160946970
2024/12/18,TE,外資,683,3488378,678,3462971,5,25407,198,1018433,687,3533653,-489,-2515220
2024/12/18,TE,自營商,353,1798339,351,1788180,2,10158,113,581227,78,401201,35,180026
2024/12/18,TE,投信,28,142828,25,127323,3,15506,309,1589372,0,0,309,1589372
2024/12/18,MTX,自營商,18523,21327906,16405,18897770,2118,2430136,1382,1607292,5846,6785463,-4464,-5178171
2024/12/18,TX,自營商,13040,60054008,13971,64391997,-931,-4337989,3537,16403930,5340,24767276,-1803,-8363346
2024/12/18,MTX,投信,0,0,0,0,0,0,163,188909,14,16225,149,172684
2024/12/18,MTX,外資,91604,105410268,89043,102469204,2561,2941064,3945,4572131,4555,5279082,-610,-706951
2024/12/18,ZMX,自營商,11561,2665559,12058,2776772,-497,-111213,971,225595,7006,1624964,-6035,-1399369
2024/12/18,ZMX,投信,0,0,0,0,0,0,0,0,0,0,0,0
2024/12/18,ZMX,外資,43873,10100083,38124,8771264,5749,1328819,721,167121,97,22529,624,144592
2024/12/18,NQF,投信,0,0,0,0,0,0,1,1102,0,0,1,1102
2024/12/18,NQF,外資,875,967306,1006,1111903,-131,-144597,395,440048,1571,1740586,-1176,-1300538
2024/12/18,NQF,自營商,176,193797,169,186021,7,7776,0,0,141,155975,-141,-155975
2024/12/19,TE,自營商,81,411421,105,531820,-24,-120399,87,440429,76,384742,11,55687
2024/12/19,TX,自營商,7777,35701644,6891,31622051,886,4079593,4832,22092410,5755,26318660,-923,-4226250
2024/12/19,TX,投信,172,786520,1421,6495097,-1249,-5708577,30892,141188797,5818,26590587,25074,114598210
2024/12/19,MTX,投信,0,0,3,3429,-3,-3429,163,186244,17,19424,146,166820
2024/12/19,TE,投信,0,0,11,55434,-11,-55434,298,1508595,0,0,298,1508595
2024/12/19,TX,外資,64790,297522229,66503,305603996,-1713,-8081767,13025,59529875,51628,235962100,-38603,-176432225
2024/12/19,MTX,自營商,10546,12125911,10753,12358737,-207,-232826,2765,3164924,7545,8632838,-4780,-5467914
2024/12/19,TE,外資,810,4106618,862,4379705,-52,-273088,195,987168,736,3725926,-541,-2738758
2024/12/19,ZMX,自營商,9033,2084692,10889,2503452,-1856,-418759,1143,261458,8369,1914100,-7226,-1652642
2024/12/19,ZMX,外資,44983,10351706,57721,13280031,-12738,-2928325,510,116545,964,220323,-454,-103778
2024/12/20,TX,自營商,6921,31473714,7082,32210612,-161,-736898,4695,21260016,5765,26113595,-1070,-4853579
2024/12/20,TX,投信,749,3392058,491,2226589,258,1165469,31455,142371621,6123,27713923,25332,114657698
2024/12/19,NQF,投信,0,0,0,0,0,0,1,1062,0,0,1,1062
2024/12/19,NQF,自營商,223,244055,207,225037,16,19018,38,40347,163,173654,-125,-133307
2024/12/19,NQF,外資,808,879352,1224,1343138,-416,-463787,301,320501,1893,2024943,-1592,-1704442
2024/12/20,TE,自營商,37,186254,102,513297,-65,-327043,41,205098,98,490235,-57,-285137
2024/12/20,TX,外資,62677,285528739,60637,276268245,2040,9260495,11760,53228734,48323,218721602,-36563,-165492868
2024/12/20,MTX,自營商,9303,10586244,9288,10570947,15,15297,3697,4189531,8518,9656026,-4821,-5466495
2024/12/20,TE,外資,642,3230457,572,2879317,70,351140,197,985473,668,3341603,-471,-2356130
2024/12/20,MTX,外資,97352,110981323,99671,113625880,-2319,-2644556,1285,1454147,6782,7675325,-5497,-6221178
2024/12/20,TE,投信,0,0,9,45072,-9,-45072,289,1445694,0,0,289,1445694
2024/12/20,ZMX,自營商,8845,2014134,12586,2861632,-3741,-847498,1298,294008,12265,2778533,-10967,-2484525
2024/12/20,NQF,自營商,507,539934,483,514019,24,25915,0,0,35,37223,-35,-37223
2024/12/20,ZMX,投信,0,0,0,0,0,0,0,0,0,0,0,0
2024/12/20,ZMX,外資,41222,9405905,45828,10450360,-4606,-1044455,468,105987,5528,1251155,-5060,-1145168
2024/12/20,NQF,外資,1989,2126836,2334,2502449,-345,-375613,4,4254,1524,1620774,-1520,-1616520
2024/12/20,NQF,投信,0,0,1,1050,-1,-1050,0,0,0,0,0,0
2024/12/23,TX,外資,65601,300564476,63028,288823604,2573,11740871,13465,62566797,46411,215654447,-32946,-153087650
2024/12/23,TE,自營商,41,208883,61,311788,-20,-102905,33,170320,111,572893,-78,-402573
2024/12/23,TX,自營商,6743,30991873,9713,44656781,-2970,-13664908,3172,14746873,7400,34398169,-4228,-19651296
2024/12/23,TX,投信,669,3106840,82,379769,587,2727071,31798,147752587,5879,27317361,25919,120435226
2024/12/20,MTX,投信,0,0,2,2263,-2,-2263,163,184443,19,21499,144,162944
2024/12/23,TE,投信,0,0,30,153841,-30,-153841,259,1336751,0,0,259,1336751
2024/12/23,TE,外資,719,3671284,593,3025474,126,645809,255,1316106,600,3096720,-345,-1780614
2024/12/23,MTX,自營商,11534,13254119,11252,12915343,282,338776,3467,4033725,7302,8490100,-3835,-4456375
2024/12/23,MTX,投信,2,2323,4,4591,-2,-2268,159,184702,17,19748,142,164954
2024/12/23,NQF,自營商,1,1083,14,15150,-13,-14068,0,0,48,52188,-48,-52188
2024/12/23,ZMX,投信,0,0,0,0,0,0,0,0,0,0,0,0
2024/12/23,ZMX,外資,66437,15197271,41763,9540810,24674,5656461,586,136180,227,52739,359,83441
2024/12/23,NQF,投信,0,0,0,0,0,0,0,0,0,0,0,0
2024/12/23,MTX,外資,111873,127970704,98391,112535578,13482,15435125,10370,12046738,2710,3148126,7660,8898612
2024/12/23,ZMX,自營商,16407,3767315,6772,1547043,9635,2220272,2788,648788,3880,902227,-1092,-253439
2024/12/24,TX,自營商,6220,28960977,4935,22993438,1285,5967539,3540,16436560,6499,30174859,-2959,-13738299
2024/12/23,NQF,外資,1953,2099092,2045,2188769,-92,-89677,3,3262,1634,1776762,-1631,-1773500
2024/12/24,TX,投信,489,2271176,661,3066557,-172,-795382,31601,146634960,5854,27163731,25747,119471229
2024/12/24,TE,投信,120,619599,0,0,120,619599,379,1956019,0,0,379,1956019
2024/12/24,TE,自營商,21,108501,105,542821,-84,-434320,10,51610,172,887692,-162,-836082
2024/12/24,TX,外資,43426,202168537,46043,214363432,-2617,-12194895,12255,56865845,48305,224147004,-36050,-167281159
2024/12/24,MTX,自營商,7681,8949879,7719,8996263,-38,-46384,2636,3065862,6558,7621214,-3922,-4555352
2024/12/24,TE,外資,521,2695185,563,2911674,-42,-216489,276,1424436,663,3421743,-387,-1997307
2024/12/24,MTX,外資,74173,86331096,79705,92773184,-5532,-6442088,7502,8702989,4418,5125279,3084,3577710
2024/12/24,ZMX,自營商,4933,1149989,8041,1873208,-3108,-723219,1824,424365,5459,1267722,-3635,-843357
2024/12/24,ZMX,投信,0,0,0,0,0,0,0,0,0,0,0,0
2024/12/24,ZMX,外資,35824,8340554,41841,9735957,-6017,-1395403,785,182173,1483,344071,-698,-161898
2024/12/24,NQF,自營商,5,5421,58,62862,-53,-57442,0,0,101,109908,-101,-109908
2024/12/24,MTX,投信,2,2320,4,4666,-2,-2345,157,182128,17,19721,140,162407
2024/12/24,NQF,外資,1335,1446770,1463,1584921,-128,-138151,1,1088,1760,1915359,-1759,-1914271
2024/12/25,TX,外資,22322,104018339,23145,107849118,-823,-3830779,12625,58898718,49498,230920138,-36873,-172021420
2024/12/25,TE,自營商,43,222894,48,248860,-5,-25966,12,62206,179,927900,-167,-865694
2024/12/25,TX,投信,401,1870703,301,1404063,100,466640,31632,147569606,5785,26988182,25847,120581424
2024/12/24,NQF,投信,0,0,0,0,0,0,0,0,0,0,0,0
2024/12/25,TX,自營商,5251,24474785,4865,22679363,386,1795423,3455,16128124,6037,28180828,-2582,-12052704
2024/12/25,TE,外資,233,1207679,235,1217959,-2,-10280,269,1394442,658,3410940,-389,-2016498
2024/12/25,TE,投信,10,51840,0,0,10,51840,389,2016498,0,0,389,2016498
2024/12/25,MTX,自營商,6778,7901731,6130,7144305,648,757426,2664,3114511,6048,7065626,-3384,-3951115
2024/12/25,MTX,投信,2,2333,0,0,2,2333,157,183109,15,17495,142,165614
2024/12/25,ZMX,自營商,3930,917084,4620,1076574,-690,-159490,2313,540872,6253,1459700,-3940,-918828
2024/12/25,ZMX,外資,22274,5189753,17731,4130304,4543,1059449,4471,1042952,626,146021,3845,896931
2024/12/25,NQF,自營商,3,3308,0,0,3,3308,0,0,98,108138,-98,-108138
2024/12/25,MTX,外資,42579,49601630,42213,49172574,366,429055,7023,8191314,3573,4167334,3450,4023980
2024/12/26,TX,自營商,2583,12055300,2116,9878352,467,2176948,3724,17384245,5861,27361680,-2137,-9977435
2024/12/25,ZMX,投信,0,0,0,0,0,0,0,0,0,0,0,0
2024/12/25,NQF,投信,0,0,0,0,0,0,0,0,0,0,0,0
2024/12/26,TX,外資,14618,68212745,16274,75942253,-1656,-7729508,12820,59808582,51503,240274121,-38683,-180465539
2024/12/25,NQF,外資,604,661300,587,642870,17,18430,5,5517,1747,1927829,-1742,-1922312
2024/12/26,TX,投信,307,1431756,256,1193950,51,237806,31684,147812197,5786,26992847,25898,120819350
2024/12/26,TE,投信,28,145539,0,0,28,145539,417,2169401,0,0,417,2169401
2024/12/26,TE,外資,133,690530,159,825534,-26,-135004,278,1446267,693,3605263,-415,-2158996
2024/12/26,MTX,投信,1,1166,1,1166,0,0,158,184275,16,18661,142,165614
2024/12/26,TE,自營商,17,88277,25,129872,-8,-41595,12,62429,187,972849,-175,-910420
2024/12/26,ZMX,自營商,2776,648890,2472,577710,304,71179,2154,503788,5715,1334252,-3561,-830464
2024/12/26,MTX,外資,27393,31962716,31219,36426084,-3826,-4463369,4361,5086549,4012,4679492,349,407057
2024/12/26,ZMX,投信,0,0,0,0,0,0,0,0,0,0,0,0
2024/12/26,MTX,自營商,3531,4122948,3771,4404008,-240,-281060,2408,2816211,5959,6963193,-3551,-4146982
2024/12/26,NQF,自營商,0,0,10,11044,-10,-11044,0,0,108,119453,-108,-119453
2024/12/26,NQF,投信,0,0,0,0,0,0,0,0,0,0,0,0
2024/12/26,NQF,外資,61,67437,50,55256,11,12180,5,5530,1736,1920183,-1731,-1914653
2024/12/26,ZMX,外資,11265,2629744,15272,3563652,-4007,-933908,766,178718,1473,343592,-707,-164874
2024/12/27,TE,自營商,139,722923,155,805719,-16,-82796,5,26092,195,1016340,-190,-990248
2024/12/27,TX,自營商,3493,16268958,4295,20011238,-802,-3742279,3070,14362830,5988,28008845,-2918,-13646015
2024/12/27,TX,外資,35025,163090549,32966,153523866,2059,9566683,13611,63624353,50076,234078011,-36465,-170453658
2024/12/27,TX,投信,244,1140271,99,462686,145,677585,31807,148678641,5764,26943242,26043,121735399
2024/12/27,TE,投信,0,0,0,0,0,0,417,2173404,0,0,417,2173404
2024/12/27,TE,外資,548,2846520,554,2877873,-6,-31353,290,1511480,711,3705732,-421,-2194252
2024/12/27,MTX,自營商,6079,7083166,4749,5529668,1330,1553497,3880,4542574,6175,7229781,-2295,-2687207
2024/12/27,ZMX,投信,0,0,0,0,0,0,0,0,0,0,0,0
2024/12/27,MTX,外資,61708,71832369,58630,68246446,3078,3585923,6106,7135765,2940,3435960,3166,3699805
2024/12/27,ZMX,自營商,6266,1461672,4347,1012346,1919,449326,2336,547516,4028,942648,-1692,-395132
2024/12/27,NQF,投信,1,1100,0,0,1,1100,1,1099,0,0,1,1099
2024/12/27,MTX,投信,0,0,0,0,0,0,158,184639,16,18698,142,165941
2024/12/27,ZMX,外資,28092,6542112,25582,5953283,2510,588829,1201,280779,1273,297526,-72,-16747
2024/12/27,NQF,外資,861,947292,884,972195,-23,-24903,7,7694,1761,1935661,-1754,-1927967
2024/12/27,NQF,自營商,0,0,120,131922,-120,-131922,0,0,228,250595,-228,-250595
2024/12/30,TX,投信,22,101973,397,1839963,-375,-1737990,31519,146065350,5851,27114704,25668,118950646
2024/12/30,TX,外資,39394,182981004,41725,193848224,-2331,-10867220,12554,58178836,51807,240088174,-39253,-181909338
2024/12/30,TX,自營商,4887,22707047,3801,17664273,1086,5042774,3705,17184023,5524,25622129,-1819,-8438106
2024/12/30,TE,投信,10,51800,30,154733,-20,-102933,397,2048044,0,0,397,2048044
2024/12/30,TE,外資,356,1843690,327,1693355,29,150335,331,1707563,723,3729812,-392,-2022249
2024/12/30,TE,自營商,49,253585,65,337054,-16,-83469,6,31001,211,1088507,-205,-1057506
2024/12/30,MTX,投信,0,0,2,2317,-2,-2317,158,183051,18,20854,140,162197
2024/12/30,MTX,自營商,5873,6825428,5748,6683092,125,142336,4028,4675848,6256,7265533,-2228,-2589685
2024/12/30,MTX,外資,64875,75342606,71501,83047562,-6626,-7704956,2489,2883675,5653,6550576,-3164,-3666901
2024/12/30,ZMX,自營商,5650,1315163,8972,2084755,-3322,-769591,2582,599586,7566,1755475,-4984,-1155889
2024/12/30,ZMX,外資,27915,6483040,36756,8535421,-8841,-2052380,1317,305169,2570,595495,-1253,-290326
2024/12/30,NQF,投信,1,1085,0,0,1,1085,2,2166,0,0,2,2166
2024/12/30,NQF,外資,2019,2185826,1567,1698289,452,487537,0,0,1302,1410065,-1302,-1410065
2024/12/30,NQF,自營商,0,0,128,140190,-128,-140190,0,0,356,385495,-356,-385495
2024/12/31,TX,外資,43674,201208345,45000,207284011,-1326,-6075665,10700,49317033,52464,241802508,-41764,-192485475
2024/12/31,TX,自營商,6831,31462786,5913,27262639,918,4200146,4516,20828860,5404,24930904,-888,-4102044
2024/12/30,ZMX,投信,0,0,0,0,0,0,0,0,0,0,0,0
2024/12/31,TE,外資,401,2056961,370,1897329,31,159632,343,1758630,704,3609549,-361,-1850919
2024/12/31,TX,投信,367,1692768,541,2492769,-174,-800001,31352,144495098,5858,26998350,25494,117496748
2024/12/31,TE,投信,6,30720,106,544531,-100,-513810,297,1522778,0,0,297,1522778
2024/12/31,MTX,自營商,7907,9112987,7963,9177043,-56,-64056,3714,4287623,6101,7048353,-2387,-2760730
2024/12/31,MTX,投信,5,5761,1,1152,4,4609,163,187809,19,21892,144,165917
2024/12/31,TE,自營商,50,256335,48,246023,2,10312,15,76985,216,1107475,-201,-1030490
2024/12/31,MTX,外資,77411,89178858,79335,91383624,-1924,-2204766,2896,3336834,3244,3739413,-348,-402579
2024/12/31,ZMX,自營商,10486,2420798,15412,3551323,-4926,-1130525,5635,1299986,15290,3527369,-9655,-2227383
2024/12/31,ZMX,外資,27422,6317979,31360,7224942,-3938,-906963,2153,496234,7344,1692351,-5191,-1196117
2024/12/31,ZMX,投信,0,0,0,0,0,0,0,0,0,0,0,0
2024/12/31,NQF,投信,2,2142,0,0,2,2142,4,4280,0,0,4,4280
2024/12/31,NQF,自營商,25,26913,22,23514,3,3399,0,0,353,377675,-353,-377675
2024/12/31,NQF,外資,1537,1648997,1739,1865471,-202,-216474,0,0,1504,1609529,-1504,-1609529
