日期,契約名稱,身份別,多方交易口數,多方契約金額,空方交易口數,空方契約金額,多空淨額交易口數,多空淨額契約金額,多方未平倉口數,多方未平倉契約金額,空方未平倉口數,空方未平倉契約金額,多空淨額未平倉口數,多空淨額未平倉契約金額
2023/01/03,TX,自營商,11607,32730868,11232,31687888,375,1042980,11665,33183959,5507,15663057,6158,17520902
2023/01/03,TE,投信,0,0,0,0,0,0,138,359297,0,0,138,359297
2023/01/03,TE,自營商,445,1146331,260,667861,185,478470,506,1317038,500,1301720,6,15318
2023/01/03,TX,外資,64139,180805331,67381,189974741,-3242,-9169410,33550,95481699,17606,50098749,15944,45382950
2023/01/03,MTX,自營商,16836,11869124,15831,11152152,1005,716972,8521,6049304,2859,2030681,5662,4018623
2023/01/03,TE,外資,1129,2908532,1402,3612312,-273,-703780,1755,4569318,618,1609025,1137,2960293
2023/01/03,MTX,外資,116955,82406604,115161,81104255,1794,1302349,9316,6628095,3045,2165833,6271,4462262
2023/01/03,TX,投信,1314,3729805,1922,5469739,-608,-1739934,12524,35643304,23346,66442716,-10822,-30799412
2023/01/03,NQF,自營商,11,5997,13,7098,-2,-1100,24,13278,579,320332,-555,-307054
2023/01/03,NQF,外資,1028,563706,1103,604573,-75,-40867,76,42381,873,483100,-797,-440719
2023/01/03,MTX,投信,0,0,4,2819,-4,-2819,85,60478,22,15653,63,44825
2023/01/03,NQF,投信,0,0,0,0,0,0,0,0,0,0,0,0
2023/01/04,TX,自營商,10259,29175058,10013,28484148,246,690910,12014,34127113,5623,15967749,6391,18159364
2023/01/04,TX,投信,1939,5513768,1354,3847719,585,1666048,11178,31765640,21415,60857147,-10237,-29091507
2023/01/04,TX,外資,56758,161474154,58614,166747202,-1856,-5273048,30529,86756306,16441,46714308,14088,40041998
2023/01/04,TE,自營商,241,627129,202,525706,39,101422,484,1255431,477,1237535,7,17896
2023/01/04,MTX,自營商,11600,8246408,11006,7823109,594,423298,8297,5881867,1949,1380865,6348,4501002
2023/01/04,TE,外資,731,1901539,763,1985271,-32,-83731,1696,4400442,591,1533409,1105,2867033
2023/01/04,MTX,投信,5,3558,0,0,5,3558,90,63941,22,15630,68,48311
2023/01/04,TE,投信,0,0,0,0,0,0,138,358055,0,0,138,358055
2023/01/04,MTX,外資,95075,67629756,102314,72762852,-7239,-5133096,4699,3338327,5617,3989904,-918,-651577
2023/01/04,NQF,自營商,38,20772,29,15835,9,4937,24,13170,570,312788,-546,-299618
2023/01/04,NQF,投信,0,0,0,0,0,0,0,0,0,0,0,0
2023/01/05,TX,自營商,9511,27174884,8426,24078994,1085,3095890,12952,36994846,5493,15684291,7459,21310555
2023/01/05,TX,投信,796,2274830,776,2217325,20,57505,10442,29841148,20659,59039290,-10217,-29198142
2023/01/05,TX,外資,61176,174841922,58770,167956368,2406,6885554,32446,92722817,15952,45579640,16494,47143177
2023/01/05,TE,自營商,270,706460,374,977610,-104,-271150,425,1109811,522,1363529,-97,-253718
2023/01/05,TE,投信,0,0,0,0,0,0,138,360484,0,0,138,360484
2023/01/05,MTX,自營商,13575,9696135,12604,9002937,971,693198,10614,7568259,3227,2303387,7387,5264872
2023/01/05,MTX,投信,13,9287,0,0,13,9287,100,71445,19,13575,81,57870
2023/01/04,NQF,外資,1560,860387,1940,1068900,-380,-208513,22,12198,1199,658026,-1177,-645828
2023/01/05,TE,外資,1116,2918652,1005,2628592,111,290060,1678,4383272,462,1206836,1216,3176436
2023/01/05,MTX,外資,107652,76911601,103703,74082265,3949,2829336,7265,5190386,4234,3024239,3031,2166147
2023/01/05,NQF,自營商,25,13773,28,15421,-3,-1648,25,13740,574,315470,-549,-301730
2023/01/05,NQF,投信,0,0,0,0,0,0,0,0,0,0,0,0
2023/01/05,NQF,外資,1869,1028485,1687,926972,182,101513,57,31655,1052,578320,-995,-546665
2023/01/06,TX,自營商,7939,22735439,9033,25882600,-1094,-3147160,12650,36322344,6159,17681416,6491,18640928
2023/01/06,TX,外資,51035,146085639,53175,152228391,-2140,-6142751,33476,96181149,19122,54930981,14354,41250168
2023/01/06,TE,投信,0,0,0,0,0,0,138,362747,0,0,138,362747
2023/01/06,TX,投信,838,2407904,50,143658,788,2264245,10408,29904266,19837,56995668,-9429,-27091402
2023/01/06,MTX,投信,3,2155,0,0,3,2155,100,71830,16,11493,84,60337
2023/01/06,TE,自營商,343,899042,220,575839,123,323203,506,1329640,469,1232794,37,96846
2023/01/06,MTX,自營商,12609,9019436,11966,8562810,643,456626,11753,8422117,4227,3034883,7526,5387234
2023/01/06,TE,外資,949,2488277,996,2612209,-47,-123933,1642,4316161,473,1243328,1169,3072833
2023/01/06,MTX,外資,88947,63625034,82122,58720077,6825,4904957,13095,9405946,3239,2325615,9856,7080331
2023/01/06,NQF,投信,0,0,0,0,0,0,0,0,0,0,0,0
2023/01/06,NQF,自營商,41,22417,32,17430,9,4987,30,16305,570,309795,-540,-293490
2023/01/09,TX,自營商,12426,36238029,11481,33465698,945,2772331,12755,37631796,5378,15864148,7377,21767648
2023/01/09,TX,投信,1557,4586802,0,0,1557,4586802,10500,31006500,18372,54252516,-7872,-23246016
2023/01/06,NQF,外資,1306,713134,1645,898102,-339,-184968,27,14815,1361,739857,-1334,-725042
2023/01/09,TX,外資,63901,185985197,67047,195240337,-3146,-9255139,34449,101723884,21934,64758795,12515,36965089
2023/01/09,MTX,自營商,16411,11935898,15942,11598681,469,337217,11539,8490435,3308,2440947,8231,6049488
2023/01/09,TE,投信,8,21608,0,0,8,21608,146,397354,0,0,146,397354
2023/01/09,TE,外資,1100,2951328,1050,2820378,50,130950,1694,4610384,475,1292760,1219,3317624
2023/01/09,TE,自營商,294,787798,346,927355,-52,-139557,468,1273225,463,1259989,5,13236
2023/01/09,MTX,投信,3,2215,0,0,3,2215,100,73825,13,9597,87,64228
2023/01/09,MTX,外資,116116,84366893,106089,77045557,10027,7321336,17695,13063155,3040,2243275,14655,10819880
2023/01/10,TX,自營商,10588,31326223,10215,30213535,373,1112688,13288,39323376,5569,16474722,7719,22848654
2023/01/09,NQF,投信,0,0,0,0,0,0,0,0,0,0,0,0
2023/01/09,NQF,自營商,104,57991,166,92791,-62,-34799,30,16782,632,353541,-602,-336759
2023/01/09,NQF,外資,2405,1317892,2370,1299463,35,18428,38,21468,1337,748051,-1299,-726583
2023/01/10,TX,投信,676,2001299,75,221125,601,1780174,10885,32241370,18156,53777682,-7271,-21536312
2023/01/10,TE,自營商,287,784257,273,746177,14,38080,454,1241173,449,1227870,5,13303
2023/01/10,TE,投信,4,10932,0,0,4,10932,150,410250,0,0,150,410250
2023/01/10,TX,外資,53439,158175729,55843,165325634,-2404,-7149905,30759,91104098,21522,63734203,9237,27369895
2023/01/10,MTX,投信,2,1481,0,0,2,1481,100,74050,11,8146,89,65904
2023/01/10,MTX,自營商,13863,10252024,14354,10607434,-491,-355409,11232,8292105,3368,2492558,7864,5799547
2023/01/10,MTX,外資,83557,61844258,92193,68240616,-8636,-6396358,13423,9939248,3908,2892407,9515,7046841
2023/01/10,TE,外資,828,2262066,916,2503090,-88,-241024,1628,4452573,497,1359295,1131,3093278
2023/01/10,NQF,外資,1318,742727,1603,900663,-285,-157937,44,24845,1628,911391,-1584,-886546
2023/01/10,NQF,自營商,19,10741,48,26993,-29,-16252,0,0,631,353202,-631,-353202
2023/01/10,NQF,投信,0,0,0,0,0,0,0,0,0,0,0,0
2023/01/11,TX,投信,61,180463,136,401683,-75,-221220,10862,32131968,18208,53862126,-7346,-21730158
2023/01/11,TX,自營商,9364,27729580,8968,26552725,396,1176855,13378,39536007,5292,15631280,8086,23904727
2023/01/11,TE,外資,610,1668053,650,1777499,-40,-109447,1577,4314014,486,1329502,1091,2984512
2023/01/11,TE,自營商,241,659203,255,696978,-14,-37775,397,1085478,414,1132362,-17,-46884
2023/01/11,TX,外資,43374,128489339,47606,141038984,-4232,-12549645,27864,82423174,22864,67621015,5000,14802159
2023/01/11,MTX,投信,0,0,0,0,0,0,100,73955,11,8135,89,65820
2023/01/11,MTX,自營商,10318,7637229,10384,7682735,-66,-45506,9713,7159408,1837,1355835,7876,5803573
2023/01/11,MTX,外資,76795,56875918,83986,62207442,-7191,-5331525,8772,6486648,6178,4566980,2594,1919668
2023/01/11,TE,投信,0,0,0,0,0,0,150,410340,0,0,150,410340
2023/01/12,TX,自營商,7377,21786654,7330,21652333,47,134321,14205,41904669,6081,17931588,8124,23973081
2023/01/11,NQF,外資,1598,897352,1662,931741,-64,-34389,61,34776,1709,966634,-1648,-931858
2023/01/11,NQF,自營商,13,7322,19,10708,-6,-3386,0,0,637,360255,-637,-360255
2023/01/12,TX,投信,385,1136354,236,697575,149,438779,10875,32114970,18072,53369334,-7197,-21254364
2023/01/11,NQF,投信,0,0,0,0,0,0,0,0,0,0,0,0
2023/01/12,TX,外資,44391,131235165,43686,129160924,705,2074241,27066,79922989,21361,63066020,5705,16856969
2023/01/12,TE,外資,622,1699192,613,1674747,9,24446,1545,4219045,445,1215199,1100,3003846
2023/01/12,TE,投信,0,0,0,0,0,0,150,409620,0,0,150,409620
2023/01/12,MTX,投信,0,0,4,2953,-4,-2953,96,70877,11,8121,85,62756
2023/01/12,TE,自營商,295,805729,244,665967,51,139761,357,974306,327,892774,30,81532
2023/01/12,MTX,外資,74565,55117558,75975,56151852,-1410,-1034295,8883,6557763,7699,5680561,1184,877202
2023/01/12,MTX,自營商,9751,7198875,10375,7654656,-624,-455781,9104,6700539,1816,1337392,7288,5363147
2023/01/12,NQF,自營商,21,12003,36,20632,-15,-8629,0,0,652,374900,-652,-374900
2023/01/13,TX,投信,748,2219711,872,2589581,-124,-369870,10608,31468264,17929,53188338,-7321,-21720074
2023/01/12,NQF,投信,0,0,0,0,0,0,0,0,0,0,0,0
2023/01/13,TX,外資,86077,256243502,80105,238481406,5972,17762096,33712,99983872,22023,65307628,11689,34676244
2023/01/13,TE,自營商,511,1413790,595,1644503,-84,-230712,273,750322,327,899643,-54,-149321
2023/01/13,TE,投信,1,2744,5,13762,-4,-11017,146,401813,0,0,146,401813
2023/01/13,TX,自營商,12753,37919878,14265,42441427,-1512,-4521549,12910,38244922,6373,18877985,6537,19366937
2023/01/12,NQF,外資,1171,666913,876,498572,295,168341,71,41210,1424,818932,-1353,-777722
2023/01/13,TE,外資,1420,3928159,1302,3604502,118,323657,1504,4139214,286,787086,1218,3352128
2023/01/13,MTX,外資,138169,102823461,132899,98897850,5270,3925612,12822,9508227,6416,4753476,6406,4754751
2023/01/13,MTX,投信,19,14055,20,14825,-1,-770,95,70429,11,8159,84,62270
2023/01/13,MTX,自營商,20814,15460920,21212,15761943,-398,-301022,9870,7293067,2680,1985159,7190,5307908
2023/01/13,NQF,投信,0,0,0,0,0,0,0,0,0,0,0,0
2023/01/13,NQF,自營商,14,8054,26,14974,-12,-6919,0,0,664,381136,-664,-381136
2023/01/13,NQF,外資,2162,1242286,2140,1227952,22,14334,98,56896,1429,820410,-1331,-763514
2023/01/16,TX,自營商,14038,41903455,13718,40936789,320,966666,14765,44070668,7852,23430097,6913,20640571
2023/01/16,TE,投信,64,177233,65,180433,-1,-3200,145,402104,0,0,145,402104
2023/01/16,TX,投信,17243,51519134,16926,50549027,317,970107,10765,32126450,17769,53035693,-7004,-20909243
2023/01/16,TX,外資,67912,202619053,70187,209439104,-2275,-6820052,35414,105727443,25998,77621832,9416,28105611
2023/01/16,TE,外資,757,2098601,881,2442778,-124,-344177,1401,3888856,307,852002,1094,3036854
2023/01/16,TE,自營商,490,1357341,349,967441,141,389900,368,1019706,254,704682,114,315024
2023/01/16,MTX,投信,40,29845,47,35092,-7,-5247,89,66420,12,8948,77,57472
2023/01/16,MTX,自營商,12694,9454706,12005,8945038,689,509667,9333,6949257,1678,1251835,7655,5697422
2023/01/16,MTX,外資,84756,63178647,82729,61675278,2027,1503369,14639,10931988,6214,4638668,8425,6293320
2023/01/16,NQF,投信,0,0,0,0,0,0,0,0,0,0,0,0
2023/01/16,NQF,自營商,9,5185,32,18545,-23,-13360,0,0,687,399284,-687,-399284
2023/01/17,TX,投信,9800,29267152,10467,31245093,-667,-1977941,9958,29694915,17629,52570593,-7671,-22875678
2023/01/17,TX,自營商,10398,31036010,10510,31381422,-112,-345412,14748,43985007,7881,23505654,6867,20479353
2023/01/16,NQF,外資,1245,716960,1000,575293,245,141666,111,65206,1197,695923,-1086,-630717
2023/01/17,TX,外資,63562,189786005,63632,189990221,-70,-204216,36144,107805988,26797,79924080,9347,27881908
2023/01/17,TE,自營商,359,993540,398,1100302,-39,-106762,292,807615,245,677741,47,129874
2023/01/17,TE,投信,74,204414,74,204724,0,-310,145,400999,0,0,145,400999
2023/01/17,TE,外資,1366,3777065,1430,3957193,-64,-180128,1361,3765428,331,916018,1030,2849410
2023/01/17,MTX,自營商,8307,6196405,9744,7267331,-1437,-1070926,9334,6948598,3380,2519298,5954,4429300
2023/01/17,MTX,外資,52628,39288791,52998,39560064,-370,-271273,14046,10479202,5995,4471829,8051,6007373
2023/01/17,MTX,投信,36,26852,35,26127,1,725,90,67102,12,8946,78,58156
2023/01/17,NQF,自營商,5,2894,19,11007,-14,-8113,1,578,702,405932,-701,-405354
2023/01/17,NQF,投信,0,0,0,0,0,0,0,0,0,0,0,0
2023/01/17,NQF,外資,543,314891,526,305015,17,9876,63,36817,1132,654800,-1069,-617983
2023/01/30,TX,自營商,14205,43588157,17049,52346096,-2844,-8757939,10822,33446397,5797,17917728,5025,15528669
2023/01/30,TX,投信,2237,6907887,449,1384268,1788,5523619,10112,31260237,15995,49446943,-5883,-18186706
2023/01/30,TE,投信,6,17317,6,17329,0,-12,145,421457,0,0,145,421457
2023/01/30,TE,自營商,425,1225748,434,1251374,-9,-25626,251,729459,215,624919,36,104540
2023/01/30,TX,外資,61232,187462698,60146,184303292,1086,3159406,32100,99233073,24001,74192341,8099,25040732
2023/01/30,MTX,自營商,16135,12314862,16475,12593227,-340,-278365,8469,6528692,2690,2077468,5779,4451224
2023/01/30,TE,外資,1528,4415141,1628,4708862,-100,-293720,1071,3112920,288,837101,783,2275819
2023/01/30,MTX,外資,76626,58456520,71944,54942167,4682,3514353,5383,4159828,2406,1859422,2977,2300406
2023/01/30,MTX,投信,8,6161,9,6937,-1,-776,89,68784,12,9274,77,59510
2023/01/30,NQF,自營商,151,91313,55,32006,96,59307,1,609,606,368751,-605,-368142
2023/01/31,TX,投信,127,389663,730,2232084,-603,-1842421,9915,30276444,16401,50082094,-6486,-19805650
2023/01/31,TX,外資,47844,147259088,53353,164246793,-5509,-16987705,30176,92143765,27587,84234166,2589,7909599
2023/01/30,NQF,外資,946,557841,765,449925,181,107917,48,29497,936,569630,-888,-540133
2023/01/30,NQF,投信,0,0,0,0,0,0,0,0,0,0,0,0
2023/01/31,TX,自營商,8112,24923983,7973,24506854,139,417129,11465,34999254,6334,19336555,5131,15662699
2023/01/31,TE,自營商,275,792034,248,714330,27,77704,284,810770,241,688055,43,122715
2023/01/31,TE,投信,0,0,0,0,0,0,145,413975,0,0,145,413975
2023/01/31,MTX,自營商,8292,6373860,12472,9581779,-4180,-3207920,7124,5425044,5393,4114339,1731,1310705
2023/01/31,TE,外資,1040,2996126,1152,3319846,-112,-323720,1074,3066245,403,1150565,671,1915680
2023/01/31,MTX,投信,1,771,2,1527,-1,-756,90,68706,14,10688,76,58018
2023/01/31,MTX,外資,62406,48061284,74365,57265785,-11959,-9204501,2482,1894604,11460,8747879,-8978,-6853275
2023/01/31,NQF,投信,0,0,0,0,0,0,0,0,0,0,0,0
2023/01/31,NQF,自營商,21,12601,14,8395,7,4206,16,9565,614,367049,-598,-357484
2023/01/31,NQF,外資,991,598059,1238,746783,-247,-148724,37,22337,1172,700692,-1135,-678355
2023/02/01,TX,投信,195,600036,260,799415,-65,-199380,9740,29964136,16291,50117632,-6551,-20153496
2023/02/01,TX,自營商,8815,27043924,8194,25130002,621,1913923,12028,36992056,6349,19526687,5679,17465369
2023/02/01,TX,外資,45520,139600188,43875,134548982,1645,5051207,29376,90370841,25142,77341659,4234,13029182
2023/02/01,TE,投信,0,0,0,0,0,0,145,418064,0,0,145,418064
2023/02/01,TE,自營商,291,835995,198,568782,93,267213,340,980152,201,579492,139,400660
2023/02/01,TE,外資,624,1793795,694,1994852,-70,-201057,1057,3047520,456,1314739,601,1732781
2023/02/01,MTX,自營商,10724,8220069,9732,7457643,992,762426,7815,5995110,4854,3730673,2961,2264437
2023/02/01,MTX,投信,0,0,0,0,0,0,90,69219,14,10767,76,58452
2023/02/01,MTX,外資,77916,59723211,69222,53053026,8694,6670185,5169,3975320,5373,4132031,-204,-156711
2023/02/01,NQF,投信,0,0,0,0,0,0,0,0,0,0,0,0
2023/02/01,NQF,外資,1232,741779,898,539736,334,202043,100,61134,901,545763,-801,-484629
2023/02/01,NQF,自營商,10,6039,17,10284,-7,-4246,17,10296,622,376714,-605,-366418
2023/02/02,TX,投信,744,2318592,53,165056,691,2153536,10176,31708416,16036,49968176,-5860,-18259760
2023/02/02,TX,自營商,9512,29491979,9086,28175057,426,1316923,12701,39558077,6669,20773380,6032,18784697
2023/02/02,TX,外資,60754,188154118,56579,175212824,4175,12941294,32174,100252482,23765,74041867,8409,26210615
2023/02/02,TE,投信,0,0,0,0,0,0,145,426619,0,0,145,426619
2023/02/02,MTX,投信,1,779,0,0,1,779,91,70889,14,10906,77,59983
2023/02/02,MTX,外資,103339,79979390,97859,75707276,5480,4272114,7327,5707593,2051,1597485,5276,4110108
2023/02/02,MTX,自營商,11568,8955627,10821,8377592,747,578035,8458,6571985,4458,3469124,4000,3102861
2023/02/02,TE,外資,978,2861994,1217,3565783,-239,-703789,985,2898027,623,1832991,362,1065036
2023/02/02,TE,自營商,349,1019258,410,1199107,-61,-179850,359,1056015,281,826628,78,229387
2023/02/02,NQF,自營商,116,72431,30,18570,86,53861,20,12535,539,337818,-519,-325283
2023/02/03,TX,自營商,7730,24071706,8438,26276105,-708,-2204400,12478,38865833,7139,22239793,5339,16626040
2023/02/03,TX,投信,107,333533,237,738553,-130,-405020,10046,31305345,16036,49971383,-5990,-18666038
2023/02/02,NQF,外資,1731,1062980,1536,943027,195,119953,51,32288,657,411775,-606,-379487
2023/02/03,TX,外資,54413,169560134,53495,166713992,918,2846142,31862,99286825,22535,70214293,9327,29072532
2023/02/02,NQF,投信,0,0,0,0,0,0,0,0,0,0,0,0
2023/02/03,TE,投信,0,0,3,8842,-3,-8842,142,418190,0,0,142,418190
2023/02/03,TE,外資,759,2232285,774,2276893,-15,-44609,992,2921382,645,1899525,347,1021857
2023/02/03,MTX,自營商,9525,7411382,10097,7853029,-572,-441647,7892,6132721,4524,3518239,3368,2614482
2023/02/03,TE,自營商,230,677188,226,664937,4,12251,338,995096,251,739003,87,256093
2023/02/03,MTX,外資,89143,69450206,91871,71564841,-2728,-2114635,5729,4463042,3181,2477729,2548,1985313
2023/02/03,MTX,投信,0,0,0,0,0,0,91,70894,14,10907,77,59987
2023/02/03,NQF,自營商,9,5759,87,55235,-78,-49476,17,10787,614,389583,-597,-378796
2023/02/03,NQF,投信,0,0,0,0,0,0,0,0,0,0,0,0
2023/02/03,NQF,外資,2502,1593051,2049,1304017,453,289034,308,196134,461,292645,-153,-96511
2023/02/06,TX,自營商,9481,29337632,9089,28126559,392,1211073,13112,40384681,7572,23323174,5540,17061507
2023/02/06,TX,外資,61518,190599041,62930,195003859,-1412,-4404818,31697,97669245,23782,73271671,7915,24397574
2023/02/06,TE,投信,0,0,0,0,0,0,142,411488,0,0,142,411488
2023/02/06,TX,投信,57,175664,487,1500855,-430,-1325191,9999,30810919,16419,50593507,-6420,-19782588
2023/02/06,TE,自營商,271,790856,315,918464,-44,-127607,315,912544,281,814114,34,98430
2023/02/06,TE,外資,926,2697683,926,2698718,0,-1035,918,2660141,571,1654644,347,1005497
2023/02/06,MTX,自營商,10835,8384432,10105,7810316,730,574116,7631,5867677,2769,2125119,4862,3742558
2023/02/06,MTX,投信,2,1542,1,770,1,772,93,71643,15,11555,78,60088
2023/02/06,MTX,外資,102015,79055475,112284,87002469,-10269,-7946994,3778,2910306,11499,8857391,-7721,-5947085
2023/02/06,NQF,自營商,29,18560,74,46839,-45,-28279,17,10679,659,413951,-642,-403272
2023/02/06,NQF,外資,3301,2098690,3322,2106911,-21,-8221,125,79368,299,187981,-174,-108613
2023/02/06,NQF,投信,0,0,0,0,0,0,0,0,0,0,0,0
2023/02/07,TX,自營商,8871,27293991,8345,25682130,526,1611861,13039,40131788,7068,21755354,5971,18376434
2023/02/07,TX,外資,45606,140310520,45199,139059023,407,1251498,30821,94907448,23740,73094086,7081,21813362
2023/02/07,TE,自營商,264,763230,228,659392,36,103839,306,884687,258,745956,48,138731
2023/02/07,TX,投信,17,52353,72,221688,-55,-169335,10009,30821715,16484,50760830,-6475,-19939115
2023/02/07,TE,投信,0,0,0,0,0,0,142,410664,0,0,142,410664
2023/02/07,MTX,投信,0,0,0,0,0,0,93,71596,15,11548,78,60048
2023/02/07,MTX,自營商,9102,6995408,9199,7070816,-97,-75408,8587,6599272,3442,2641737,5145,3957535
2023/02/07,MTX,外資,85208,65536362,86098,66206389,-890,-670027,5075,3906905,8722,6713031,-3647,-2806126
2023/02/07,TE,外資,632,1827969,676,1954962,-44,-126992,899,2599873,596,1723632,303,876241
2023/02/07,NQF,自營商,42,26373,31,19456,11,6917,20,12544,651,408307,-631,-395763
2023/02/07,NQF,投信,0,0,0,0,0,0,0,0,0,0,0,0
2023/02/08,TX,自營商,13935,43209401,14295,44337463,-360,-1128063,13010,40571273,7310,22801446,5700,17769827
2023/02/08,TX,投信,351,1095154,180,561325,171,533829,9852,30746122,16156,50419645,-6304,-19673523
2023/02/07,NQF,外資,1616,1013684,1790,1121570,-174,-107885,115,72906,463,290477,-348,-217571
2023/02/08,TX,外資,57160,177095695,52475,162501497,4685,14594198,35524,110859626,23758,74133883,11766,36725743
2023/02/08,TE,外資,797,2339703,888,2607905,-91,-268202,939,2775841,727,2149157,212,626684
2023/02/08,TE,自營商,499,1464456,415,1216744,84,247712,434,1282356,284,839249,150,443107
2023/02/08,TE,投信,0,0,0,0,0,0,142,419780,0,0,142,419780
2023/02/08,MTX,外資,96418,74634301,84322,65224569,12096,9409732,13465,10505260,4876,3802909,8589,6702351
2023/02/08,MTX,自營商,17160,13291155,13731,10634401,3429,2656754,12633,9835553,4601,3583554,8032,6251999
2023/02/08,NQF,投信,0,0,0,0,0,0,0,0,0,0,0,0
2023/02/08,MTX,投信,0,0,0,0,0,0,93,72559,15,11703,78,60856
2023/02/08,NQF,自營商,17,10760,9,5676,8,5084,20,12786,643,411070,-623,-398284
2023/02/09,TX,自營商,6886,21437649,6428,20009564,458,1428086,12949,40371227,6542,20397234,6407,19973993
2023/02/08,NQF,外資,2422,1529875,2367,1489898,55,39977,152,98210,445,284575,-293,-186365
2023/02/09,TX,投信,0,0,367,1144666,-367,-1144666,9547,29786640,16218,50600160,-6671,-20813520
2023/02/09,TX,外資,42627,132748274,43643,135912190,-1016,-3163917,33689,105103997,22939,71560450,10750,33543547
2023/02/09,TE,自營商,290,855540,218,642711,72,212829,493,1457011,278,821660,215,635351
2023/02/09,TE,投信,0,0,0,0,0,0,142,419894,0,0,142,419894
2023/02/09,MTX,自營商,9380,7296922,9973,7753059,-593,-456137,10871,8460776,4428,3445644,6443,5015132
2023/02/09,MTX,投信,0,0,0,0,0,0,93,72540,15,11700,78,60840
2023/02/09,TE,外資,574,1691122,659,1942092,-85,-250971,881,2605078,754,2229578,127,375500
2023/02/09,MTX,外資,73004,56833800,80234,62455027,-7230,-5621227,8112,6326802,6753,5265757,1359,1061045
2023/02/09,NQF,自營商,29,18292,33,20774,-4,-2482,17,10711,644,405752,-627,-395041
2023/02/09,NQF,投信,0,0,0,0,0,0,0,0,0,0,0,0
2023/02/09,NQF,外資,1222,773366,2044,1294133,-822,-520767,46,29277,1161,731488,-1115,-702211
2023/02/10,TX,自營商,12400,38644918,12806,39920803,-406,-1275885,11917,37099506,5885,18318844,6032,18780662
2023/02/10,TX,投信,250,778989,488,1519530,-238,-740541,9430,29378071,16339,50902029,-6909,-21523958
2023/02/10,TE,投信,1,2948,1,2954,0,-5,142,419264,0,0,142,419264
2023/02/10,MTX,自營商,15208,11854420,15253,11888195,-45,-33775,11275,8765267,5001,3885802,6274,4879465
2023/02/10,TE,自營商,383,1129951,406,1199955,-23,-70004,518,1528276,329,971204,189,557072
2023/02/10,MTX,投信,40,31139,32,24913,8,6226,102,79416,16,12445,86,66971
2023/02/10,TX,外資,63401,197714411,62469,194856123,932,2858288,36697,114301924,25015,77911180,11682,36390744
2023/02/10,TE,外資,1076,3177400,912,2694097,164,483303,884,2609751,593,1750886,291,858865
2023/02/10,MTX,外資,93805,73196081,94218,73513006,-413,-316925,8157,6352431,7211,5614791,946,737640
2023/02/10,NQF,投信,0,0,0,0,0,0,0,0,0,0,0,0
2023/02/10,NQF,自營商,29,18189,46,28743,-17,-10554,17,10541,661,409853,-644,-399312
2023/02/13,TX,自營商,18413,57079972,17256,53491443,1157,3588529,13095,40652732,6354,19719764,6741,20932968
2023/02/10,NQF,外資,1646,1039332,1930,1216997,-284,-177665,38,23780,1437,891093,-1399,-867313
2023/02/13,TE,自營商,601,1761682,640,1876126,-39,-114444,579,1695535,437,1281179,142,414356
2023/02/13,TE,投信,21,61420,21,61528,0,-108,142,416310,0,0,142,416310
2023/02/13,TX,外資,79764,247494446,79179,245718038,585,1776408,38432,119345147,26168,81267818,12264,38077329
2023/02/13,TE,外資,1079,3163796,1044,3061491,35,102304,918,2691338,592,1735295,326,956043
2023/02/13,TX,投信,15270,47298180,15768,48827059,-498,-1528879,9247,28712727,16654,51708428,-7407,-22995701
2023/02/13,MTX,投信,8,6190,8,6197,0,-7,102,79193,16,12416,86,66777
2023/02/13,MTX,自營商,16151,12521818,14061,10898884,2090,1622934,14247,11050327,4091,3166289,10156,7884038
2023/02/13,MTX,外資,98756,76644855,101780,78997162,-3024,-2352307,7155,5555764,9221,7159665,-2066,-1603901
2023/02/13,NQF,投信,0,0,0,0,0,0,0,0,0,0,0,0
2023/02/13,NQF,自營商,14,8658,49,30164,-35,-21506,17,10468,696,428562,-679,-418094
2023/02/14,TX,外資,68578,214015624,68457,213635287,121,380337,32401,101402114,20022,62667902,12379,38734212
2023/02/14,TX,自營商,14882,46504173,16907,52841883,-2025,-6337710,13091,40962226,8438,26401051,4653,14561175
2023/02/13,NQF,外資,1562,966487,1782,1101373,-220,-134886,71,44141,1690,1040852,-1619,-996711
2023/02/14,TX,投信,10067,31505307,9921,31042517,146,462790,9356,29275296,16617,51994936,-7261,-22719640
2023/02/14,TE,自營商,412,1217306,390,1151612,22,65694,447,1321697,375,1109459,72,212238
2023/02/14,TE,外資,1074,3172540,951,2811554,123,360986,966,2857684,517,1529952,449,1327732
2023/02/14,MTX,自營商,14565,11366680,14324,11184103,241,182577,13062,10209961,2413,1880216,10649,8329745
2023/02/14,TE,投信,114,336815,114,337342,0,-528,142,419832,0,0,142,419832
2023/02/14,MTX,投信,41,32062,60,46957,-19,-14895,81,63368,14,10952,67,52416
2023/02/14,MTX,外資,72849,56889238,67502,52707559,5347,4181679,9388,7348371,6083,4761601,3305,2586770
2023/02/14,NQF,投信,0,0,0,0,0,0,0,0,0,0,0,0
2023/02/14,NQF,自營商,20,12525,28,17512,-8,-4987,17,10653,704,441162,-687,-430509
2023/02/14,NQF,外資,1895,1181981,1117,696429,778,485553,107,67779,948,594227,-841,-526448
2023/02/15,TX,自營商,26693,82835011,23315,72389755,3378,10445256,12566,38609286,6014,18469155,6552,20140131
2023/02/15,TX,投信,460,1416006,1235,3798424,-775,-2382418,8903,27360700,16939,52056935,-8036,-24696235
2023/02/15,TE,投信,6,17434,6,17446,0,-12,142,409897,0,0,142,409897
2023/02/15,TE,外資,1144,3329863,1199,3488710,-55,-158848,776,2240002,191,551341,585,1688661
2023/02/15,TE,自營商,613,1789538,614,1791683,-1,-2145,340,981444,255,736083,85,245361
2023/02/15,TX,外資,77430,240843012,81372,253029272,-3942,-12186259,25796,79275078,17485,53734370,8311,25540708
2023/02/15,MTX,自營商,30871,23993689,32566,25298350,-1695,-1304661,6811,5224469,4420,3385611,2391,1838858
2023/02/15,MTX,投信,9,6956,11,8500,-2,-1544,81,62232,16,12293,65,49939
2023/02/15,NQF,自營商,85,53437,31,19523,54,33914,17,10678,650,408265,-633,-397587
2023/02/16,TX,自營商,8143,25237568,9620,29821281,-1477,-4583714,12447,38679421,7062,21939192,5385,16740229
2023/02/15,MTX,外資,122707,95597691,137691,107153288,-14984,-11555597,1919,1474315,6842,5256555,-4923,-3782240
2023/02/15,NQF,外資,2893,1819220,2497,1566261,396,252959,145,91985,590,370657,-445,-278672
2023/02/15,NQF,投信,0,0,0,0,0,0,0,0,0,0,0,0
2023/02/16,TX,投信,452,1405516,155,481839,297,923677,8774,27274856,16513,51332312,-7739,-24057456
2023/02/16,TX,外資,54366,168203292,47951,148427192,6415,19776100,31217,97039083,15281,47501753,15936,49537330
2023/02/16,TE,投信,0,0,0,0,0,0,142,415435,0,0,142,415435
2023/02/16,TE,外資,875,2549153,779,2269797,96,279356,901,2635966,220,643632,681,1992334
2023/02/16,MTX,外資,90261,69779645,72100,55748199,18161,14031446,10175,7907161,1777,1380841,8398,6526320
2023/02/16,MTX,自營商,13261,10261612,11615,8985907,1646,1275705,7715,5981097,4918,3811455,2797,2169642
2023/02/16,TE,自營商,285,828740,293,852740,-8,-24000,341,997630,245,716772,96,280858
2023/02/16,MTX,投信,5,3878,0,0,5,3878,86,66835,16,12434,70,54401
2023/02/16,NQF,自營商,17,10861,67,42821,-50,-31960,17,10860,700,447195,-683,-436335
2023/02/16,NQF,投信,0,0,0,0,0,0,0,0,0,0,0,0
2023/02/16,NQF,外資,1771,1118871,1206,761633,565,357238,355,228011,235,150210,120,77801
2023/02/17,TX,投信,29,89545,906,2797172,-877,-2707627,7890,24358008,16506,50957323,-8616,-26599315
2023/02/17,TE,自營商,324,939177,367,1063479,-43,-124302,348,1005790,317,916161,31,89629
2023/02/17,TX,外資,52866,163393713,51323,158643483,1543,4750230,30866,95287644,13376,41293699,17490,53993945
2023/02/17,TX,自營商,7799,24092602,7850,24247665,-51,-155063,12280,37898559,6940,21410221,5340,16488338
2023/02/17,TE,投信,0,0,0,0,0,0,142,410408,0,0,142,410408
2023/02/17,MTX,自營商,9829,7589710,10281,7934705,-452,-344994,8170,6294325,5849,4501954,2321,1792371
2023/02/17,TE,外資,815,2359805,799,2315113,16,44692,909,2627192,212,612722,697,2014470
2023/02/17,MTX,投信,0,0,7,5395,-7,-5395,81,62516,18,13892,63,48624
2023/02/17,MTX,外資,90244,69733389,99239,76693647,-8995,-6960258,4443,3428964,5084,3923570,-641,-494606
2023/02/17,NQF,外資,2039,1286935,2917,1838535,-878,-551600,87,54537,845,524811,-758,-470274
2023/02/17,NQF,投信,0,0,0,0,0,0,0,0,0,0,0,0
2023/02/17,NQF,自營商,5,3107,77,48066,-72,-44960,17,10555,772,479335,-755,-468780
2023/02/20,TX,自營商,7699,23816391,7346,22735639,353,1080752,13042,40477215,7304,22663009,5738,17814206
2023/02/20,TX,外資,43906,135804616,43573,134772640,333,1031976,31568,98010517,13745,42674705,17823,55335812
2023/02/20,TX,投信,171,530927,105,326007,66,204920,7795,24201916,16345,50747956,-8550,-26546040
2023/02/20,TE,投信,1,2901,0,0,1,2901,143,414986,0,0,143,414986
2023/02/20,MTX,自營商,9838,7604608,7798,6029321,2040,1575287,9867,7644259,5686,4401851,4181,3242408
2023/02/20,TE,自營商,248,717962,241,697227,7,20735,361,1047604,320,928520,41,119084
2023/02/20,MTX,外資,82747,63977840,77958,60258274,4789,3719566,7797,6051829,3649,2831994,4148,3219835
2023/02/20,MTX,投信,0,0,0,0,0,0,81,62872,18,13972,63,48900
2023/02/20,TE,外資,606,1754655,584,1691059,22,63595,978,2838156,259,751618,719,2086538
2023/02/20,NQF,自營商,2,1236,16,9906,-14,-8670,17,10545,786,487556,-769,-477011
2023/02/20,NQF,外資,2421,1498264,2509,1551671,-88,-53408,107,67030,953,591146,-846,-524116
2023/02/20,NQF,投信,0,0,0,0,0,0,0,0,0,0,0,0
2023/02/21,TX,自營商,6148,19068505,5350,16593808,798,2474697,13621,42284970,7056,21897223,6565,20387747
2023/02/21,TX,投信,28,86956,4,12423,24,74532,7818,24279581,16344,50757926,-8526,-26478345
2023/02/21,TE,自營商,186,539987,227,658523,-41,-118535,371,1078330,372,1081136,-1,-2806
2023/02/21,TX,外資,26902,83438276,27789,86184283,-887,-2746008,30623,95100821,13685,42499294,16938,52601527
2023/02/21,TE,外資,583,1691404,557,1616410,26,74994,1066,3098436,321,933019,745,2165417
2023/02/21,TE,投信,0,0,0,0,0,0,143,415644,0,0,143,415644
2023/02/21,MTX,自營商,6261,4853618,5850,4532727,411,320891,10089,7820227,5613,4345959,4476,3474268
2023/02/21,MTX,投信,0,0,0,0,0,0,81,62888,18,13975,63,48913
2023/02/21,MTX,外資,49845,38646422,51659,40049628,-1814,-1403205,6303,4893328,3977,3087344,2326,1805984
2023/02/21,NQF,投信,0,0,0,0,0,0,0,0,0,0,0,0
2023/02/21,NQF,自營商,1,618,30,18538,-29,-17920,17,10501,815,503426,-798,-492925
2023/02/21,NQF,外資,382,236961,454,281444,-72,-44482,114,71154,1032,637466,-918,-566312
2023/02/22,TX,自營商,10531,32398203,11519,35441537,-988,-3043334,13885,42680760,8294,25486800,5591,17193960
2023/02/22,TX,投信,100,307515,143,439356,-43,-131841,7755,23846625,16324,50196232,-8569,-26349607
2023/02/22,TE,投信,0,0,6,17183,-6,-17183,137,392286,0,0,137,392286
2023/02/22,TE,自營商,258,741046,266,763712,-8,-22666,373,1068036,394,1128102,-21,-60066
2023/02/22,TX,外資,51797,159437407,49407,152076211,2390,7361196,32001,98401047,12665,38943939,19336,59457108
2023/02/22,MTX,投信,0,0,1,769,-1,-769,81,62269,19,14606,62,47663
2023/02/22,TE,外資,729,2089280,767,2199149,-38,-109869,1069,3060975,362,1036551,707,2024424
2023/02/22,MTX,自營商,12236,9409964,12648,9730036,-412,-320072,9673,7424952,5908,4527519,3765,2897433
2023/02/22,MTX,外資,83448,64230487,90844,69930063,-7396,-5699576,3185,2448391,8062,6196757,-4877,-3748366
2023/02/22,NQF,自營商,6,3652,5,3081,1,571,17,10313,814,493813,-797,-483500
2023/02/22,NQF,投信,0,0,0,0,0,0,0,0,0,0,0,0
2023/02/22,NQF,外資,1518,928448,1915,1172821,-397,-244374,15,9204,1330,807095,-1315,-797891
2023/02/23,TX,投信,432,1348030,100,312462,332,1035568,7759,24208080,16001,49923050,-8242,-25714970
2023/02/23,TX,自營商,11003,34160359,11274,34997300,-271,-836940,15000,46774947,9385,29263914,5615,17511033
2023/02/23,TE,自營商,354,1027095,335,972639,19,54456,419,1223555,415,1211827,4,11728
2023/02/23,TX,外資,53709,166587501,54292,168388623,-583,-1801122,33048,103107174,14295,44597817,18753,58509357
2023/02/23,TE,投信,0,0,0,0,0,0,137,400095,0,0,137,400095
2023/02/23,MTX,自營商,17823,13816485,15094,11701281,2729,2115204,12030,9364463,6716,5226184,5314,4138279
2023/02/23,TE,外資,1131,3286191,1096,3184092,35,102099,1156,3375982,414,1209046,742,2166936
2023/02/23,MTX,外資,103964,80551115,90082,69786731,13882,10764384,12148,9475060,3143,2450685,9005,7024375
2023/02/23,MTX,投信,0,0,0,0,0,0,81,63180,19,14820,62,48360
2023/02/23,NQF,自營商,32,19499,64,38839,-32,-19341,17,10384,846,516737,-829,-506353
2023/02/23,NQF,外資,1815,1102113,2021,1227813,-206,-125700,0,0,1521,929998,-1521,-929998
2023/02/24,TX,自營商,8291,25863082,7656,23878988,635,1984094,14979,46532511,8784,27283976,6195,19248535
2023/02/23,NQF,投信,0,0,0,0,0,0,0,0,0,0,0,0
2023/02/24,TE,自營商,301,879934,376,1097542,-75,-217608,346,1004429,429,1245348,-83,-240919
2023/02/24,TX,外資,51665,161258564,54812,171080220,-3147,-9821655,30256,94039798,14650,45532479,15606,48507319
2023/02/24,TX,投信,5,15543,400,1243472,-395,-1227930,7532,23410962,16169,50256416,-8637,-26845454
2023/02/24,TE,投信,0,0,0,0,0,0,137,397738,0,0,137,397738
2023/02/24,MTX,自營商,11139,8683645,12682,9878833,-1543,-1195188,9945,7712436,5954,4612823,3991,3099613
2023/02/24,MTX,投信,0,0,2,1554,-2,-1554,81,62941,21,16318,60,46623
2023/02/24,TE,外資,925,2702385,953,2785126,-28,-82741,1151,3341578,437,1268698,714,2072880
2023/02/24,NQF,自營商,27,16456,30,18306,-3,-1850,22,13418,854,520855,-832,-507437
2023/02/24,MTX,外資,89301,69698200,97215,75869414,-7914,-6171214,5473,4252395,4382,3404291,1091,848104
2023/02/24,NQF,外資,1898,1159267,1897,1156259,1,3008,2,1220,1522,928961,-1520,-927741
2023/02/24,NQF,投信,0,0,0,0,0,0,0,0,0,0,0,0
2023/03/01,TX,投信,86,267245,88,272715,-2,-5471,7555,23490006,16194,50350205,-8639,-26860199
2023/03/01,MTX,自營商,18824,14534445,16561,12779380,2263,1755065,12047,9347551,5927,4591031,6120,4756520
2023/03/01,TE,外資,1151,3332351,1237,3580875,-86,-248524,1198,3505108,570,1667706,628,1837402
2023/03/01,TE,自營商,594,1720391,380,1098132,214,622259,583,1705381,432,1263456,151,441925
2023/03/01,TX,自營商,13028,40262384,10490,32423564,2538,7838820,15868,49307409,7129,22142000,8739,27165409
2023/03/01,TX,外資,51648,159634402,52355,161792123,-707,-2157721,29309,91122879,14477,45009498,14832,46113381
2023/03/01,TE,投信,0,0,0,0,0,0,137,400835,0,0,137,400835
2023/03/01,MTX,投信,0,0,0,0,0,0,81,62961,21,16323,60,46638
2023/03/01,MTX,外資,89980,69513506,92253,71240152,-2273,-1726646,4543,3530981,5350,4157556,-807,-626575
2023/03/02,TX,自營商,7515,23332562,7973,24760740,-458,-1428177,15933,49493574,7634,23704296,8299,25789278
2023/03/01,NQF,投信,0,0,0,0,0,0,0,0,0,0,0,0
2023/03/01,NQF,自營商,88,52867,1,600,87,52267,22,13287,767,463230,-745,-449943
2023/03/01,NQF,外資,1683,1012423,1849,1111671,-166,-99248,0,0,1686,1019402,-1686,-1019402
2023/03/02,TX,投信,32,99525,122,378606,-90,-279081,7518,23368951,16247,50501599,-8729,-27132648
2023/03/02,TE,自營商,230,671689,301,878365,-71,-206676,529,1544370,458,1336939,71,207431
2023/03/02,TE,外資,797,2325393,697,2034103,100,291290,1274,3720080,546,1594320,728,2125760
2023/03/02,TE,投信,9,26304,0,0,9,26304,146,426320,0,0,146,426320
2023/03/02,MTX,自營商,11402,8847595,11187,8676968,215,170627,12834,9956496,6571,5088917,6263,4867579
2023/03/02,TX,外資,53420,165931274,52166,162037556,1254,3893718,30619,95170981,14533,45170966,16086,50000015
2023/03/02,MTX,外資,91670,71184785,92433,71762139,-763,-577354,4886,3796828,6456,5016066,-1570,-1219238
2023/03/02,MTX,投信,0,0,0,0,0,0,81,62945,21,16319,60,46626
2023/03/02,NQF,自營商,15,8990,172,103228,-157,-94238,31,18457,933,556083,-902,-537626
2023/03/02,NQF,外資,1549,932717,1996,1201723,-447,-269007,0,0,2133,1272665,-2133,-1272665
2023/03/02,NQF,投信,0,0,0,0,0,0,0,0,0,0,0,0
2023/03/03,TX,自營商,7500,23399470,8618,26896194,-1118,-3496724,15988,49896495,8712,27183473,7276,22713022
2023/03/03,TX,投信,172,537254,11,34346,161,502908,7512,23459976,16080,50217364,-8568,-26757388
2023/03/03,TX,外資,48918,152598852,50571,157740729,-1653,-5141877,31021,96873659,16588,51799874,14433,45073785
2023/03/03,TE,自營商,269,789116,262,768217,7,20899,580,1700001,507,1485900,73,214101
2023/03/03,TE,投信,6,17609,0,0,6,17609,152,445603,0,0,152,445603
2023/03/03,TE,外資,817,2397781,816,2395432,1,2349,1288,3775901,559,1638764,729,2137137
2023/03/03,MTX,投信,2,1562,0,0,2,1562,81,63241,19,14834,62,48407
2023/03/03,MTX,自營商,10676,8318659,10269,8003550,407,315109,14210,11073264,7920,6167141,6290,4906123
2023/03/03,MTX,外資,89418,69722308,85984,67029392,3434,2692916,5807,4533722,3943,3077538,1864,1456184
2023/03/03,NQF,自營商,18,10838,95,57081,-77,-46243,31,18678,1010,609157,-979,-590479
2023/03/03,NQF,投信,0,0,0,0,0,0,0,0,0,0,0,0
2023/03/06,TX,外資,49593,156064754,51572,162309999,-1979,-6245245,29428,92820732,16977,53546613,12451,39274119
2023/03/06,TE,自營商,260,769717,285,844151,-25,-74434,505,1497805,446,1322712,59,175093
2023/03/03,NQF,外資,1777,1063099,1409,841888,368,221211,0,0,1765,1065984,-1765,-1065984
2023/03/06,TX,投信,615,1941663,210,662805,405,1278858,7563,23856727,15726,49604814,-8163,-25748087
2023/03/06,TX,自營商,9721,30599354,9404,29610491,317,988863,16286,51336692,8680,27354617,7606,23982075
2023/03/06,MTX,投信,0,0,1,786,-1,-786,80,63088,19,14983,61,48105
2023/03/06,MTX,自營商,11906,9356954,12610,9914919,-704,-557965,12921,10166563,7387,5808105,5534,4358458
2023/03/06,TE,投信,9,26720,0,0,9,26720,161,477623,0,0,161,477623
2023/03/06,TE,外資,806,2387842,823,2438065,-17,-50223,1254,3720100,542,1607897,712,2112203
2023/03/06,MTX,外資,84298,66264030,82105,64548383,2193,1715646,7612,6002689,3543,2793401,4069,3209288
2023/03/06,NQF,自營商,80,49424,45,27960,35,21464,32,19747,976,603094,-944,-583347
2023/03/06,NQF,投信,0,0,0,0,0,0,0,0,0,0,0,0
2023/03/06,NQF,外資,2062,1259408,1562,954609,500,304798,6,3703,1271,787589,-1265,-783886
2023/03/07,TX,自營商,7531,23815591,8614,27257779,-1083,-3442188,16412,52061744,9886,31355613,6526,20706131
2023/03/07,TX,投信,278,882226,370,1173994,-92,-291768,7257,23037773,15512,49243035,-8255,-26205262
2023/03/07,TX,外資,41149,130183686,38244,120964545,2905,9219142,31724,100703171,16374,51973972,15350,48729199
2023/03/07,TE,自營商,243,722799,268,796914,-25,-74115,449,1339004,413,1231522,36,107482
2023/03/07,TE,投信,0,0,0,0,0,0,161,480231,0,0,161,480231
2023/03/07,MTX,投信,2,1587,0,0,2,1587,80,63492,17,13492,63,50000
2023/03/07,TE,外資,640,1903657,616,1832325,24,71332,1263,3767255,527,1571936,736,2195319
2023/03/07,MTX,自營商,11533,9110983,10095,7974173,1438,1136809,15058,11926448,8098,6409513,6960,5516935
2023/03/07,MTX,外資,63286,50036239,59947,47376586,3339,2659652,10999,8729208,3591,2849227,7408,5879981
2023/03/07,NQF,投信,0,0,0,0,0,0,0,0,0,0,0,0
2023/03/07,NQF,外資,1051,652240,1182,733051,-131,-80811,7,4329,1403,871231,-1396,-866902
2023/03/07,NQF,自營商,36,22216,74,46085,-38,-23869,34,21026,1016,629463,-982,-608437
2023/03/08,TX,自營商,11810,37270725,10058,31736688,1752,5534036,16097,50779726,7526,23729686,8571,27050040
2023/03/08,TX,投信,141,445142,281,886917,-140,-441776,7233,22834485,15628,49336316,-8395,-26501831
2023/03/08,TE,投信,0,0,0,0,0,0,161,477429,0,0,161,477429
2023/03/08,TX,外資,50716,160095419,55507,175248052,-4791,-15152633,27260,86047779,16701,52715674,10559,33332105
2023/03/08,MTX,自營商,14518,11447586,15158,11945587,-640,-498001,12346,9723990,7319,5755540,5027,3968450
2023/03/08,TE,自營商,321,951569,265,785451,56,166118,445,1319311,381,1129418,64,189893
2023/03/08,MTX,投信,0,0,2,1579,-2,-1579,80,63140,19,14996,61,48144
2023/03/08,TE,外資,650,1926142,713,2113119,-63,-186977,1243,3685868,570,1690278,673,1995590
2023/03/08,MTX,外資,85399,67395855,99444,78492488,-14045,-11096633,3800,2999019,10219,8063474,-6419,-5064455
2023/03/08,NQF,外資,1197,734087,1604,982860,-407,-248773,8,4872,1811,1106777,-1803,-1101905
2023/03/09,TX,自營商,7505,23709049,7316,23110847,189,598202,16471,51894233,7739,24368491,8732,27525742
2023/03/08,NQF,自營商,5,3047,66,40506,-61,-37459,31,18879,1074,655431,-1043,-636552
2023/03/08,NQF,投信,0,0,0,0,0,0,0,0,0,0,0,0
2023/03/09,TX,投信,21,66458,28,88470,-7,-22012,7228,22791199,15630,49283183,-8402,-26491984
2023/03/09,TX,外資,46396,146673520,46736,147745528,-340,-1072008,28786,90751138,18567,58534070,10219,32217068
2023/03/09,TE,外資,715,2127394,772,2297487,-57,-170093,1256,3729613,640,1900503,616,1829110
2023/03/09,TE,投信,0,0,0,0,0,0,161,478106,0,0,161,478106
2023/03/09,MTX,自營商,9769,7711314,10022,7909105,-253,-197791,12654,9954908,7768,6102009,4886,3852899
2023/03/09,MTX,外資,72824,57559912,76246,60259984,-3422,-2700072,2404,1894249,12245,9650224,-9841,-7755975
2023/03/09,TE,自營商,283,841287,288,856720,-5,-15432,460,1365532,380,1127825,80,237707
2023/03/09,NQF,自營商,8,4881,25,15304,-17,-10423,28,17112,1088,666366,-1060,-649254
2023/03/09,MTX,投信,0,0,1,788,-1,-788,79,62276,19,14978,60,47298
2023/03/09,NQF,外資,1213,740785,1046,638079,167,102706,6,3667,1642,1007169,-1636,-1003502
2023/03/09,NQF,投信,0,0,0,0,0,0,0,0,0,0,0,0
2023/03/10,TE,自營商,400,1169889,346,1014237,54,155652,521,1516287,405,1178364,116,337923
2023/03/10,TX,投信,382,1184698,1339,4143572,-957,-2958874,7283,22549169,16642,51517786,-9359,-28968617
2023/03/10,TX,自營商,15485,48216439,14730,45881251,755,2335188,18383,56862837,9078,28066013,9305,28796824
2023/03/10,TE,投信,0,0,24,70107,-24,-70107,137,398834,0,0,137,398834
2023/03/10,TE,外資,998,2916413,1134,3314469,-136,-398055,1231,3583498,751,2186276,480,1397222
2023/03/10,MTX,自營商,18756,14619903,21523,16776595,-2767,-2156692,13210,10209766,10363,7994734,2847,2215032
2023/03/10,TX,外資,68512,213709812,70344,219438795,-1832,-5728983,27581,85369905,21380,66172547,6201,19197358
2023/03/10,MTX,投信,19,14711,11,8499,8,6212,79,61150,11,8496,68,52654
2023/03/10,NQF,自營商,88,53123,134,81579,-46,-28455,25,14949,1131,678281,-1106,-663332
2023/03/10,MTX,外資,107982,84311360,118242,92285884,-10260,-7974524,1327,1026600,12684,9812897,-11357,-8786297
2023/03/13,TX,自營商,27296,84419974,28394,87868555,-1098,-3448581,15404,47695192,7210,22313316,8194,25381876
2023/03/10,NQF,投信,0,0,0,0,0,0,0,0,0,0,0,0
2023/03/13,TX,投信,13578,42065784,12975,40152608,603,1913176,7376,22855226,16132,49979089,-8756,-27123863
2023/03/10,NQF,外資,1899,1159191,1886,1149665,13,9526,4,2392,1627,977525,-1623,-975133
2023/03/13,TE,自營商,713,2075802,794,2311831,-81,-236029,442,1290179,398,1161757,44,128422
2023/03/13,TE,投信,6,17455,12,35009,-6,-17554,131,382927,0,0,131,382927
2023/03/13,TX,外資,125345,387941916,120777,373799671,4568,14142245,29995,92969593,19225,59564489,10770,33405104
2023/03/13,MTX,自營商,25443,19658240,24308,18781197,1135,877043,12669,9804331,8635,6666278,4034,3138053
2023/03/13,TE,外資,1429,4157493,1347,3921028,82,236465,1279,3735688,717,2095098,562,1640590
2023/03/13,MTX,投信,26,20112,25,19393,1,719,79,61244,10,7737,69,53507
2023/03/13,MTX,外資,156409,121007201,145813,112773967,10596,8233234,7352,5701191,8117,6291088,-765,-589897
2023/03/13,NQF,自營商,93,55895,13,7808,80,48087,15,9037,1041,629013,-1026,-619976
2023/03/13,NQF,投信,0,0,0,0,0,0,0,0,0,0,0,0
2023/03/13,NQF,外資,2710,1626467,2914,1746446,-204,-119980,10,6025,1837,1112573,-1827,-1106548
2023/03/14,TX,投信,9299,28571668,9912,30415550,-613,-1843882,7499,22929167,16868,51576904,-9369,-28647737
2023/03/14,TX,自營商,23513,72279531,21845,67169605,1668,5109927,18050,55218489,8082,24724321,9968,30494168
2023/03/14,TX,外資,106058,326334024,109241,336139714,-3183,-9805689,25700,78698224,18104,55398405,7596,23299819
2023/03/14,TE,自營商,791,2290770,691,2000548,100,290222,459,1323777,408,1176360,51,147417
2023/03/14,TE,投信,118,340423,124,359043,-6,-18620,125,359985,0,0,125,359985
2023/03/14,MTX,自營商,24875,19111800,26878,20644423,-2003,-1532624,12612,9650155,11005,8400052,1607,1250103
2023/03/14,TE,外資,1269,3672750,1359,3933412,-90,-260662,1282,3701302,810,2338868,472,1362434
2023/03/14,MTX,外資,147904,113821449,160068,123178246,-12164,-9356797,3454,2645210,16419,12577422,-12965,-9932212
2023/03/14,MTX,投信,39,29833,41,31485,-2,-1652,78,59669,11,8408,67,51261
2023/03/14,NQF,自營商,22,13193,49,29602,-27,-16409,11,6581,1064,638593,-1053,-632012
2023/03/14,NQF,投信,0,0,0,0,0,0,0,0,0,0,0,0
2023/03/14,NQF,外資,4011,2397791,4038,2412101,-27,-14310,6,3590,1860,1120081,-1854,-1116491
2023/03/15,TX,投信,1878,5763043,175,537391,1703,5225652,9114,27943524,16785,51462810,-7671,-23519286
2023/03/15,TX,自營商,18096,55830253,19596,60440706,-1500,-4610453,14118,43268843,6296,19284552,7822,23984291
2023/03/15,TE,外資,1207,3510164,1168,3399277,39,110886,566,1635966,185,534724,381,1101242
2023/03/15,TE,投信,4,11585,1,2928,3,8657,128,369971,0,0,128,369971
2023/03/15,MTX,自營商,21881,16846650,19758,15213231,2123,1633419,8091,6192651,6899,5265808,1192,926843
2023/03/15,MTX,外資,112332,86626152,107855,83160141,4477,3466011,3114,2386722,9095,6971312,-5981,-4584590
2023/03/15,MTX,投信,30,23083,13,10086,17,12997,92,70518,9,6899,83,63619
2023/03/15,NQF,外資,2601,1581944,1734,1051407,867,530537,0,0,987,606808,-987,-606808
2023/03/15,NQF,投信,0,0,0,0,0,0,0,0,0,0,0,0
2023/03/15,NQF,自營商,4,2432,44,26629,-40,-24197,14,8539,1107,677374,-1093,-668835
2023/03/15,TX,外資,72525,223631358,71274,219824199,1251,3807159,23614,72396737,16678,51134136,6936,21262601
2023/03/15,TE,自營商,662,1925296,708,2058878,-46,-133582,248,716819,260,751504,-12,-34685
2023/03/16,TX,自營商,12249,37240563,12285,37357514,-36,-116951,14448,43978606,6667,20281383,7781,23697223
2023/03/16,TX,外資,88293,268366043,89878,273198581,-1585,-4832537,22232,67696827,16849,51307870,5383,16388957
2023/03/16,TE,外資,1433,4121292,1448,4162926,-15,-41634,663,1909042,297,855182,366,1053860
2023/03/16,TX,投信,285,869929,305,928282,-20,-58353,9293,28299044,16984,51719677,-7691,-23420633
2023/03/16,TE,自營商,615,1766165,368,1056410,247,709755,503,1448338,277,797594,226,650744
2023/03/16,MTX,自營商,14407,10934588,16807,12754514,-2400,-1819927,8670,6591149,9858,7480990,-1188,-889841
2023/03/16,MTX,投信,2,1528,0,0,2,1528,94,71562,9,6852,85,64710
2023/03/16,TE,投信,0,0,4,11512,-4,-11512,124,357046,0,0,124,357046
2023/03/16,MTX,外資,160426,121924398,156334,118790207,4092,3134191,4985,3794762,7002,5330664,-2017,-1535902
2023/03/17,TX,自營商,10184,31215791,10314,31622625,-130,-406834,14088,43384691,6334,19491348,7754,23893343
2023/03/16,NQF,投信,0,0,0,0,0,0,0,0,0,0,0,0
2023/03/16,NQF,外資,3564,2174540,2876,1750404,688,424135,280,172382,579,360265,-299,-187883
2023/03/16,NQF,自營商,71,43695,4,2488,67,41207,17,10466,1043,644258,-1026,-633792
2023/03/17,TX,投信,623,1920123,112,344860,511,1575262,9402,28967562,16582,51089142,-7180,-22121580
2023/03/17,TE,自營商,469,1362558,388,1125468,81,237090,529,1545421,215,628101,314,917320
2023/03/17,TX,外資,71015,217419392,65724,201127395,5291,16291996,26170,80625538,15498,47748365,10672,32877173
2023/03/17,MTX,投信,1,771,5,3839,-4,-3068,89,68552,8,6162,81,62390
2023/03/17,TE,投信,0,0,0,0,0,0,124,362254,0,0,124,362254
2023/03/17,TE,外資,1203,3499106,1220,3549423,-17,-50317,651,1901831,302,882263,349,1019568
2023/03/17,MTX,外資,117011,89513423,104527,79901332,12484,9612091,12345,9508190,1870,1440363,10475,8067827
2023/03/17,MTX,自營商,16251,12436894,12943,9909760,3308,2527134,8743,6720152,7035,5395315,1708,1324837
2023/03/17,NQF,投信,0,0,0,0,0,0,0,0,0,0,0,0
2023/03/17,NQF,外資,3096,1932785,2254,1402407,842,530378,245,156102,192,122333,53,33769
2023/03/17,NQF,自營商,80,49952,30,18960,50,30992,8,5097,321,204525,-313,-199428
2023/03/20,TX,投信,16,49466,548,1684476,-532,-1635010,8871,27269454,16583,50976142,-7712,-23706688
2023/03/20,TX,外資,56360,173433777,58392,179645719,-2032,-6211942,23289,71586323,14666,45082466,8623,26503857
2023/03/20,TE,投信,0,0,0,0,0,0,124,361683,0,0,124,361683
2023/03/20,TE,自營商,291,850000,237,692165,54,157835,561,1636325,215,627112,346,1009213
2023/03/20,TX,自營商,7683,23637696,7081,21792701,602,1844995,15254,46872340,6890,21155530,8364,25716810
2023/03/20,MTX,投信,0,0,8,6148,-8,-6148,81,62249,8,6148,73,56101
2023/03/20,TE,外資,791,2311729,818,2390085,-27,-78355,660,1925088,331,965461,329,959627
2023/03/20,MTX,自營商,11309,8691724,10319,7929266,990,762459,9382,7196011,6716,5139625,2666,2056386
2023/03/20,MTX,外資,94890,73003550,108336,83327713,-13446,-10324164,5446,4184996,8349,6416169,-2903,-2231173
2023/03/20,NQF,自營商,4,2545,48,30485,-44,-27940,12,7606,369,233872,-357,-226266
2023/03/20,NQF,投信,0,0,0,0,0,0,0,0,0,0,0,0
2023/03/21,TX,自營商,9327,28762300,9336,28780695,-9,-18395,14561,44985142,6130,18921753,8431,26063389
2023/03/20,NQF,外資,1954,1239926,2531,1603795,-577,-363869,0,0,436,276337,-436,-276337
2023/03/21,TE,自營商,305,890548,309,903435,-4,-12887,574,1683535,216,633528,358,1050007
2023/03/21,TX,投信,138,426548,116,358817,22,67731,8891,27482081,16581,51251871,-7690,-23769790
2023/03/21,TX,外資,60628,186870023,59287,182751838,1341,4118185,23999,74176502,14040,43396845,9959,30779657
2023/03/21,TE,投信,7,20518,0,0,7,20518,131,384223,0,0,131,384223
2023/03/21,MTX,自營商,14243,10963236,12741,9799090,1502,1164146,9559,7368442,5695,4380206,3864,2988236
2023/03/21,TE,外資,960,2810420,842,2463195,118,347225,817,2396261,355,1041215,462,1355046
2023/03/21,MTX,投信,2,1546,0,0,2,1546,81,62593,6,4637,75,57956
2023/03/21,MTX,外資,107560,82869284,99409,76596766,8151,6272518,8695,6718790,3427,2648322,5268,4070468
2023/03/21,NQF,自營商,10,6342,80,50487,-70,-44145,15,9531,442,280847,-427,-271316
2023/03/21,NQF,外資,2160,1367349,2643,1670915,-483,-303566,7,4448,926,588441,-919,-583993
2023/03/22,TX,自營商,10908,34077093,11464,35821818,-556,-1744725,14198,44597262,6174,19376256,8024,25221006
2023/03/22,TX,外資,53777,167942973,48621,151850146,5156,16092828,31607,99336034,13869,43589002,17738,55747032
2023/03/21,NQF,投信,0,0,0,0,0,0,0,0,0,0,0,0
2023/03/22,TX,投信,1120,3520092,114,357621,1006,3162472,9440,29669920,16124,50677732,-6684,-21007812
2023/03/22,TE,自營商,316,940040,390,1158047,-74,-218007,516,1545611,219,655993,297,889618
2023/03/22,TE,投信,13,38869,3,8970,10,29899,141,422351,0,0,141,422351
2023/03/22,TE,外資,1283,3818312,1244,3705118,39,113195,799,2393325,298,892629,501,1500696
2023/03/22,MTX,自營商,13426,10466425,10472,8175817,2954,2290608,9940,7783008,3833,2995071,6107,4787937
2023/03/22,MTX,外資,88336,68919919,72362,56439476,15974,12480443,12953,10177201,2143,1683824,10810,8493377
2023/03/22,MTX,投信,7,5491,1,786,6,4706,85,66789,4,3143,81,63646
2023/03/22,NQF,自營商,31,19945,11,7088,20,12857,15,9660,422,271768,-407,-262108
2023/03/22,NQF,投信,0,0,0,0,0,0,0,0,0,0,0,0
2023/03/23,TX,自營商,9904,31215132,9691,30546610,213,668522,14208,44966422,5990,18940748,8218,26025674
2023/03/22,NQF,外資,1981,1267340,1576,1007312,405,260029,13,8372,527,339514,-514,-331142
2023/03/23,TX,投信,724,2293063,121,381101,603,1911962,10118,32045730,16199,51305473,-6081,-19259743
2023/03/23,TX,外資,65268,205791551,65520,206607810,-252,-816259,33763,106929341,16279,51557457,17484,55371884
2023/03/23,TE,自營商,359,1079509,382,1148184,-23,-68675,473,1428744,212,640367,261,788377
2023/03/23,TE,投信,0,0,0,0,0,0,141,425905,0,0,141,425905
2023/03/23,TE,外資,914,2750106,969,2915376,-55,-165269,748,2259409,266,803480,482,1455929
2023/03/23,MTX,自營商,11825,9303209,13173,10370114,-1348,-1066905,9291,7325988,4456,3512941,4835,3813047
2023/03/23,MTX,外資,110654,87217701,109574,86352052,1080,865648,14150,11203221,2252,1782886,11898,9420335
2023/03/23,NQF,自營商,1,639,134,85592,-133,-84953,16,10243,556,355951,-540,-345708
2023/03/23,NQF,投信,0,0,0,0,0,0,0,0,0,0,0,0
2023/03/23,NQF,外資,1820,1175688,2251,1448878,-431,-273191,0,0,945,605043,-945,-605043
2023/03/24,TX,投信,1234,3928699,4,12733,1230,3915966,11138,35456709,15989,50899383,-4851,-15442674
2023/03/24,TX,自營商,7338,23279747,7912,25108562,-574,-1828815,14260,45357742,6427,20424593,7833,24933149
2023/03/24,TX,外資,56673,179924569,61428,195033654,-4755,-15109085,30504,97101491,17776,56586228,12728,40515263
2023/03/23,MTX,投信,1,791,0,0,1,791,86,68095,4,3167,82,64928
2023/03/24,TE,自營商,267,809846,214,648885,53,160961,513,1560341,206,626570,307,933771
2023/03/24,TE,投信,0,0,0,0,0,0,141,428866,0,0,141,428866
2023/03/24,TE,外資,609,1845973,713,2161262,-104,-315289,653,1986165,275,836440,378,1149725
2023/03/24,MTX,自營商,10876,8619643,10374,8222569,502,397074,9727,7711786,5146,4079015,4581,3632771
2023/03/24,MTX,投信,0,0,4,3171,-4,-3171,82,65260,4,3183,78,62077
2023/03/24,MTX,外資,100292,79600824,104558,82976462,-4266,-3375638,11645,9266352,4009,3190514,7636,6075838
2023/03/24,NQF,自營商,39,25243,12,7726,27,17516,16,10315,529,341046,-513,-330731
2023/03/24,NQF,投信,0,0,0,0,0,0,0,0,0,0,0,0
2023/03/24,NQF,外資,1959,1265477,2036,1313655,-77,-48178,0,0,1022,658945,-1022,-658945
2023/03/27,TX,自營商,8713,27589026,7913,25049185,800,2539841,14410,45583747,5817,18379052,8593,27204695
2023/03/27,TX,投信,495,1567070,126,398868,369,1168201,11568,36621974,16050,50811090,-4482,-14189116
2023/03/27,TE,自營商,415,1252913,300,905817,115,347096,623,1876974,218,656779,405,1220195
2023/03/27,TE,投信,0,0,0,0,0,0,141,424805,0,0,141,424805
2023/03/27,TX,外資,53822,170449296,60565,191812851,-6743,-21363555,24879,78756980,20522,64966479,4357,13790501
2023/03/27,MTX,自營商,9108,7205120,10481,8290172,-1373,-1085052,10223,8065845,6855,5408604,3368,2657241
2023/03/27,TE,外資,849,2563355,857,2587318,-8,-23963,719,2166203,349,1051467,370,1114736
2023/03/27,MTX,外資,96394,76309888,109272,86509241,-12878,-10199354,5096,4032594,3826,3027879,1270,1004715
2023/03/27,MTX,投信,1,791,1,791,0,0,83,65690,5,3957,78,61733
2023/03/27,NQF,自營商,37,23863,37,23819,0,45,16,10363,529,342633,-513,-332270
2023/03/27,NQF,外資,1739,1117286,1723,1105969,16,11318,6,3886,1012,655770,-1006,-651884
2023/03/28,TX,投信,416,1305447,514,1612627,-98,-307180,11837,37142139,16417,51513263,-4580,-14371124
2023/03/28,TX,外資,57707,181644278,57320,180405896,387,1238382,24526,76952723,19789,62092162,4737,14860561
2023/03/28,TX,自營商,8343,26229277,8831,27774312,-488,-1545034,14282,44784001,6193,19394591,8089,25389410
2023/03/28,TE,自營商,273,815076,333,993965,-60,-178889,591,1758093,239,710977,352,1047116
2023/03/28,TE,投信,0,0,0,0,0,0,141,419447,0,0,141,419447
2023/03/28,TE,外資,896,2673161,891,2659032,5,14130,672,1999066,328,975734,344,1023332
2023/03/28,MTX,自營商,9106,7158028,10838,8511832,-1732,-1353805,10388,8127703,8688,6796164,1700,1331539
2023/03/28,MTX,外資,93392,73504226,99073,77963684,-5681,-4459458,4260,3341358,8643,6779596,-4383,-3438238
2023/03/27,NQF,投信,0,0,0,0,0,0,0,0,0,0,0,0
2023/03/28,MTX,投信,11,8631,0,0,11,8631,94,73738,5,3922,89,69816
2023/03/28,NQF,自營商,17,10909,81,52281,-64,-41373,16,10249,593,379846,-577,-369597
2023/03/28,NQF,投信,0,0,0,0,0,0,0,0,0,0,0,0
2023/03/28,NQF,外資,1678,1081233,1864,1200531,-186,-119298,7,4484,1199,768658,-1192,-764174
2023/03/29,TX,投信,17,53509,67,210567,-50,-157057,11789,37107056,16419,51680444,-4630,-14573388
2023/03/29,TX,自營商,8090,25417398,8185,25724617,-95,-307218,13861,43594018,5864,18417817,7997,25176201
2023/03/29,TE,投信,0,0,0,0,0,0,141,420716,0,0,141,420716
2023/03/29,TE,自營商,242,720970,237,705680,5,15290,567,1691794,212,632566,355,1059228
2023/03/29,TE,外資,576,1716635,552,1645343,24,71292,694,2070757,326,972719,368,1098038
2023/03/29,TX,外資,48580,152677833,45672,143538728,2908,9139105,26754,84205807,19115,60164415,7639,24041392
2023/03/29,MTX,投信,9,7082,0,0,9,7082,103,81051,5,3935,98,77116
2023/03/29,MTX,自營商,9536,7485058,8458,6639666,1078,845393,9890,7758799,7120,5583550,2770,2175249
2023/03/29,MTX,外資,76979,60478906,70977,55752475,6002,4726432,5398,4247056,3711,2919627,1687,1327429
2023/03/29,NQF,自營商,26,16616,20,12788,6,3827,14,8965,585,374605,-571,-365640
2023/03/29,NQF,投信,0,0,0,0,0,0,0,0,0,0,0,0
2023/03/29,NQF,外資,1729,1102611,1700,1082768,29,19843,11,7044,1174,752202,-1163,-745158
2023/03/30,TX,投信,407,1287853,1023,3236353,-616,-1948500,10896,34472765,16142,51070060,-5246,-16597295
2023/03/30,TX,自營商,6995,22113718,6756,21357031,239,756687,13778,43554182,5523,17434567,8255,26119615
2023/03/30,TX,外資,47266,149476698,45275,143169438,1991,6307260,27736,87746022,18106,57281789,9630,30464233
2023/03/30,TE,自營商,273,821139,288,865714,-15,-44575,584,1759335,232,698923,352,1060412
2023/03/30,TE,投信,1,3013,0,0,1,3013,142,427789,0,0,142,427789
2023/03/30,TE,外資,704,2116351,721,2168453,-17,-52102,653,1967228,302,909805,351,1057423
2023/03/30,MTX,自營商,9279,7323959,8646,6828790,633,495169,9720,7662012,6393,5039484,3327,2622528
2023/03/30,MTX,外資,77832,61524487,73955,58456702,3877,3067785,8326,6584770,2762,2184049,5564,4400721
2023/03/30,MTX,投信,0,0,0,0,0,0,103,81468,5,3955,98,77513
2023/03/30,NQF,自營商,10,6474,12,7778,-2,-1305,14,9085,587,380934,-573,-371849
2023/03/30,NQF,投信,0,0,0,0,0,0,0,0,0,0,0,0
2023/03/30,NQF,外資,1759,1135416,1181,762254,578,373162,8,5192,593,385023,-585,-379831
2023/03/31,TX,自營商,8217,26106629,7908,25131758,309,974871,14190,44981224,5626,17809481,8564,27171743
2023/03/31,TX,投信,54,171499,326,1034343,-272,-862844,10712,33987034,16230,51494544,-5518,-17507510
2023/03/31,TX,外資,46730,148530011,49991,158897662,-3261,-10367651,26560,84264401,20191,64059651,6369,20204750
2023/03/31,TE,投信,0,0,0,0,0,0,142,429152,0,0,142,429152
2023/03/31,MTX,投信,0,0,0,0,0,0,103,81700,5,3966,98,77734
2023/03/31,TE,外資,722,2185460,695,2104239,27,81221,654,1976519,276,834127,378,1142392
2023/03/31,TE,自營商,227,687154,231,698798,-4,-11644,582,1758906,242,731372,340,1027534
2023/03/31,MTX,自營商,11140,8841889,10763,8543958,377,297931,9858,7792071,6154,4864298,3704,2927773
2023/03/31,MTX,外資,83159,66076285,82672,65682790,487,393496,8546,6777876,2495,1978524,6051,4799352
2023/03/31,NQF,投信,0,0,0,0,0,0,0,0,0,0,0,0
2023/03/31,NQF,自營商,20,13125,7,4565,13,8560,13,8525,573,375773,-560,-367248
2023/03/31,NQF,外資,1300,850116,1077,704181,223,145935,0,0,362,237535,-362,-237535
2023/04/06,TX,自營商,8235,25990711,8837,27892708,-602,-1901997,13715,43198664,5912,18595653,7803,24603011
2023/04/06,TX,投信,11,34681,536,1689815,-525,-1655134,10402,32791265,16445,51841218,-6043,-19049953
2023/04/06,TE,自營商,226,677627,234,700927,-8,-23300,538,1609359,236,705970,302,903389
2023/04/06,MTX,投信,0,0,3,2365,-3,-2365,102,80386,7,5517,95,74869
2023/04/06,MTX,外資,71111,56190654,72874,57559838,-1763,-1369184,7619,6003953,3220,2537109,4399,3466844
2023/04/06,TE,外資,779,2330791,741,2217572,38,113219,688,2058083,272,813661,416,1244422
2023/04/06,MTX,自營商,10742,8472983,11650,9182495,-908,-709513,10659,8375764,7295,5729494,3364,2646270
2023/04/06,TX,外資,48183,152217261,44345,140093584,3838,12123677,29682,93564468,19470,61374071,10212,32190397
2023/04/06,TE,投信,0,0,0,0,0,0,142,424779,0,0,142,424779
2023/04/06,NQF,自營商,47,31150,174,114371,-127,-83220,15,9787,702,458020,-687,-448233
2023/04/07,TX,投信,163,515773,49,154936,114,360836,10407,32923585,16336,51680570,-5929,-18756985
2023/04/07,TX,自營商,5546,17537929,5296,16751808,250,786121,13795,43602945,5801,18311107,7994,25291838
2023/04/06,NQF,外資,1363,897315,1326,872228,37,25088,126,82209,451,294481,-325,-212272
2023/04/06,NQF,投信,0,0,0,0,0,0,0,0,0,0,0,0
2023/04/07,TX,外資,34403,108842261,34704,109792951,-301,-950690,29501,93324308,19590,61970531,9911,31353777
2023/04/07,TE,自營商,219,657802,170,510296,49,147506,606,1817128,257,770640,349,1046488
2023/04/07,TE,外資,528,1585880,582,1748328,-54,-162448,623,1868128,261,782635,362,1085493
2023/04/07,TE,投信,0,0,0,0,0,0,142,425801,0,0,142,425801
2023/04/07,MTX,外資,61041,48273644,60864,48128833,177,144811,8223,6502829,3647,2883867,4576,3618962
2023/04/07,MTX,投信,0,0,0,0,0,0,102,80672,7,5536,95,75136
2023/04/07,NQF,自營商,84,55009,6,3912,78,51097,15,9876,624,410842,-609,-400966
2023/04/07,MTX,自營商,7437,5870932,8144,6432610,-707,-561678,10860,8562742,7967,6281950,2893,2280792
2023/04/07,NQF,投信,0,0,0,0,0,0,0,0,0,0,0,0
2023/04/10,TX,自營商,6030,19124525,5338,16934949,692,2189576,14118,44711293,5579,17642788,8539,27068505
2023/04/07,NQF,外資,1659,1086286,1724,1126565,-65,-40279,45,29900,435,286404,-390,-256504
2023/04/10,TX,外資,30129,95599199,29096,92308138,1033,3291061,30955,98128058,20011,63432668,10944,34695390
2023/04/10,TX,投信,54,171208,0,0,54,171208,10459,33157122,16334,51782047,-5875,-18624925
2023/04/10,TE,自營商,172,517132,136,408694,36,108438,664,1991570,271,812837,393,1178733
2023/04/10,MTX,投信,0,0,1,794,-1,-794,101,80048,7,5548,94,74500
2023/04/10,TE,投信,0,0,0,0,0,0,142,425915,0,0,142,425915
2023/04/10,MTX,自營商,8380,6639405,6264,4960981,2116,1678424,11860,9370211,6263,4943219,5597,4426992
2023/04/10,TE,外資,541,1626457,573,1722803,-32,-96345,653,1958608,323,968806,330,989802
2023/04/10,MTX,外資,45085,35761117,48989,38845240,-3904,-3084123,6039,4785629,5367,4253056,672,532573
2023/04/10,NQF,自營商,3,1977,70,46054,-67,-44077,15,9859,691,454160,-676,-444301
2023/04/10,NQF,投信,0,0,0,0,0,0,0,0,0,0,0,0
2023/04/11,TX,外資,50529,160434718,49753,157927226,776,2507491,31775,101190554,20059,63875249,11716,37315305
2023/04/11,TX,自營商,9219,29252444,11161,35426799,-1942,-6174355,13543,43077155,6725,21372283,6818,21704872
2023/04/11,TX,投信,496,1579706,805,2563514,-309,-983807,9688,30854342,15872,50549146,-6184,-19694804
2023/04/11,TE,自營商,281,843238,223,669037,58,174201,724,2177996,263,791209,461,1386787
2023/04/10,NQF,外資,152,100063,228,150296,-76,-50233,10,6637,476,312851,-466,-306214
2023/04/11,TE,外資,716,2148844,743,2229961,-27,-81117,661,1988552,358,1077007,303,911545
2023/04/11,MTX,自營商,14589,11556137,13629,10792150,960,763986,10669,8459257,4996,3958506,5673,4500751
2023/04/11,TE,投信,1,3013,0,0,1,3013,143,430201,0,0,143,430201
2023/04/11,MTX,投信,1,796,1,796,0,0,100,79620,6,4777,94,74843
2023/04/11,MTX,外資,85730,67996547,76864,60938414,8866,7058133,12736,10139681,3182,2532813,9554,7606868
2023/04/11,NQF,投信,0,0,0,0,0,0,0,0,0,0,0,0
2023/04/12,TX,自營商,7780,24763471,5993,19074768,1787,5688703,14295,45476116,5681,18048722,8614,27427394
2023/04/11,NQF,自營商,22,14452,6,3941,16,10511,15,9884,675,444758,-660,-434874
2023/04/11,NQF,外資,1257,822674,1244,813298,13,9376,16,10564,469,309024,-453,-298460
2023/04/12,TX,外資,35463,112938919,36753,117033065,-1290,-4094145,30096,95848830,19670,62639120,10426,33209710
2023/04/12,TX,投信,25,79631,473,1506441,-448,-1426810,9248,29454880,15880,50577800,-6632,-21122920
2023/04/12,TE,自營商,181,542714,248,744396,-67,-201682,698,2094480,308,924266,390,1170214
2023/04/12,TE,外資,626,1878207,559,1676838,67,201368,668,2004638,298,894298,370,1110340
2023/04/12,MTX,投信,0,0,0,0,0,0,100,79625,6,4778,94,74847
2023/04/12,MTX,外資,53328,42456134,59519,47377599,-6191,-4921465,7136,5681413,3607,2871311,3529,2810102
2023/04/12,NQF,自營商,43,28218,64,41908,-21,-13690,12,7860,693,453915,-681,-446055
2023/04/12,TE,投信,3,8975,0,0,3,8975,143,429143,0,0,143,429143
2023/04/13,TX,投信,186,588389,768,2429512,-582,-1841123,8967,28364414,16181,51183183,-7214,-22818769
2023/04/13,TX,自營商,9804,31132860,9481,30099394,323,1033466,14540,45946042,5635,17778314,8905,28167728
2023/04/12,NQF,外資,1044,685528,1395,916164,-351,-230637,0,0,804,527026,-804,-527026
2023/04/12,NQF,投信,0,0,0,0,0,0,0,0,0,0,0,0
2023/04/13,TE,外資,731,2179176,808,2408939,-77,-229762,670,1985421,377,1117180,293,868241
2023/04/13,TX,外資,59617,189463423,59541,189217317,76,246106,30553,96635059,20051,63414642,10502,33220417
2023/04/13,TE,自營商,321,956857,267,796597,54,160259,780,2311236,346,1025253,434,1285983
2023/04/13,TE,投信,0,0,0,0,0,0,143,423766,0,0,143,423766
2023/04/12,MTX,自營商,8958,7124099,8402,6674749,556,449350,12052,9563764,6014,4767169,6038,4796595
2023/04/13,MTX,自營商,13875,11008065,14831,11755977,-956,-747912,11853,9346557,6643,5228728,5210,4117829
2023/04/13,MTX,投信,0,0,2,1581,-2,-1581,100,79080,8,6326,92,72754
2023/04/13,NQF,外資,2065,1353211,2400,1570827,-335,-217616,1,649,1140,740628,-1139,-739979
2023/04/13,MTX,外資,92914,73849791,102906,81777632,-9992,-7927841,3264,2580041,9727,7689970,-6463,-5109929
2023/04/13,NQF,自營商,79,51613,56,36522,23,15091,29,18830,687,446069,-658,-427239
2023/04/14,TX,自營商,8775,27901246,10613,33751730,-1838,-5850484,13553,43177226,6478,20612188,7075,22565038
2023/04/13,NQF,投信,0,0,0,0,0,0,0,0,0,0,0,0
2023/04/14,TX,投信,448,1428321,95,302262,353,1126059,8997,28696784,15858,50579788,-6861,-21883004
2023/04/14,TX,外資,59961,190594648,56280,178938000,3681,11656648,37144,118447219,22961,73222726,14183,45224493
2023/04/14,TE,投信,0,0,0,0,0,0,143,427942,0,0,143,427942
2023/04/14,TE,外資,887,2649296,892,2665268,-5,-15971,635,1899767,347,1038384,288,861383
2023/04/14,MTX,外資,93801,74496512,74964,59523815,18837,14972698,15737,12546831,3363,2680272,12374,9866559
2023/04/14,MTX,投信,8,6378,11,8755,-3,-2377,100,79740,11,8757,89,70983
2023/04/14,TE,自營商,350,1045003,280,835082,70,209921,775,2318939,268,801741,507,1517198
2023/04/14,MTX,自營商,17679,14024611,15455,12273955,2224,1750656,11870,9427661,4468,3546510,7402,5881151
2023/04/14,NQF,投信,0,0,0,0,0,0,0,0,0,0,0,0
2023/04/14,NQF,自營商,36,23660,21,13843,15,9817,19,12540,662,436920,-643,-424380
2023/04/17,TX,自營商,17578,55952252,15447,49172635,2131,6779617,15372,49049807,5789,18440660,9583,30609147
2023/04/17,TX,外資,70632,224892110,73578,234271407,-2946,-9379297,35961,114791967,24724,78935609,11237,35856358
2023/04/17,TX,投信,13014,41441248,13560,43164066,-546,-1722818,8457,26993594,15864,50632240,-7407,-23638646
2023/04/17,TE,自營商,520,1551310,490,1463109,30,88200,870,2604777,336,1006574,534,1598203
2023/04/14,NQF,外資,1511,990364,893,585795,618,404568,0,0,521,344250,-521,-344250
2023/04/17,TE,外資,635,1894728,638,1904237,-3,-9510,623,1865311,339,1015319,284,849992
2023/04/17,TE,投信,1,2989,1,2995,0,-7,143,428507,0,0,143,428507
2023/04/17,MTX,自營商,15866,12616716,16193,12873661,-327,-256945,11840,9422403,6273,4991622,5567,4430781
2023/04/17,MTX,外資,68710,54704178,78010,62096868,-9300,-7392690,7408,5913440,4334,3459267,3074,2454173
2023/04/17,MTX,投信,33,26294,35,27922,-2,-1628,101,80614,14,11164,87,69450
2023/04/17,NQF,外資,1995,1314183,2248,1479738,-253,-165555,0,0,774,511516,-774,-511516
2023/04/17,NQF,自營商,52,34219,124,81494,-72,-47275,9,5944,724,478166,-715,-472222
2023/04/17,NQF,投信,0,0,0,0,0,0,0,0,0,0,0,0
2023/04/18,TX,自營商,16528,52570874,17862,56811177,-1334,-4240303,14820,47047033,6557,20784251,8263,26262782
2023/04/18,TX,投信,10986,34949794,11169,35516385,-183,-566590,8426,26747684,16016,50841513,-7590,-24093829
2023/04/18,TE,自營商,597,1780564,641,1912049,-44,-131485,710,2115192,343,1022278,367,1092914
2023/04/18,TX,外資,77610,247033028,79354,252614454,-1744,-5581426,34973,111042937,25483,80934669,9490,30108268
2023/04/18,TE,外資,1141,3403923,1113,3322035,28,81888,696,2073745,389,1159744,307,914001
2023/04/18,MTX,自營商,12540,9966804,14728,11700375,-2188,-1733572,11503,9109300,8180,6478834,3323,2630466
2023/04/18,MTX,投信,59,46821,59,46872,0,-51,101,80162,14,11110,87,69052
2023/04/18,TE,投信,79,235202,79,235644,0,-442,143,426115,0,0,143,426115
2023/04/18,MTX,外資,72311,57563537,80442,64029235,-8131,-6465697,4469,3549311,9514,7556454,-5045,-4007143
2023/04/18,NQF,外資,1150,757434,1277,840377,-127,-82943,8,5272,909,599387,-901,-594115
2023/04/19,TX,投信,367,1159760,339,1071838,28,87922,8652,27302251,16214,51164898,-7562,-23862647
2023/04/19,TX,外資,49803,157981061,52040,165033716,-2237,-7052655,29081,91763597,20373,64286801,8708,27476796
2023/04/19,TX,自營商,17599,55774606,17101,54201733,498,1572873,11775,37137118,5813,18306676,5962,18830442
2023/04/18,NQF,自營商,35,23028,26,17111,9,5917,10,6590,716,471808,-706,-465218
2023/04/18,NQF,投信,0,0,0,0,0,0,0,0,0,0,0,0
2023/04/19,TE,自營商,553,1642698,560,1663428,-7,-20730,510,1504789,220,649132,290,855657
2023/04/19,TE,投信,62,184409,63,187596,-1,-3187,142,418985,0,0,142,418985
2023/04/19,MTX,自營商,13897,11015052,15551,12320963,-1654,-1305911,8803,6923800,6350,4992134,2453,1931666
2023/04/19,MTX,投信,9,7140,9,7144,0,-3,101,79679,14,11045,87,68634
2023/04/19,TE,外資,979,2906372,1057,3138962,-78,-232589,672,1982803,190,560614,482,1422189
2023/04/19,NQF,自營商,96,63401,18,11870,78,51531,10,6582,638,419932,-628,-413350
2023/04/20,TX,自營商,7992,25136547,9092,28600544,-1100,-3463996,11469,36055540,6475,20326455,4994,15729085
2023/04/19,NQF,投信,0,0,0,0,0,0,0,0,0,0,0,0
2023/04/19,MTX,外資,69287,54977511,75957,60250262,-6670,-5272751,2112,1665915,8962,7069906,-6850,-5403991
2023/04/20,TX,投信,182,572717,311,978412,-129,-405696,8638,27176876,16329,51374300,-7691,-24197424
2023/04/20,TX,外資,55454,174562548,51462,161969628,3992,12592920,30643,96404674,17943,56449626,12700,39955048
2023/04/20,TE,自營商,191,563456,227,669194,-36,-105738,505,1490327,251,740707,254,749620
2023/04/19,NQF,外資,1927,1275792,1783,1179625,144,96166,9,5924,766,504502,-757,-498578
2023/04/20,TE,外資,989,2917072,987,2911885,2,5187,659,1944826,175,516460,484,1428366
2023/04/20,TE,投信,0,0,8,23608,-8,-23608,134,395461,0,0,134,395461
2023/04/20,MTX,自營商,10097,7936163,9856,7742124,241,194038,9243,7249981,7077,5546934,2166,1703047
2023/04/20,MTX,投信,28,22026,2,1573,26,20453,129,101465,16,12585,113,88880
2023/04/20,MTX,外資,91722,72179504,87048,68480995,4674,3698509,2789,2193035,4965,3904873,-2176,-1711838
2023/04/20,NQF,自營商,16,10550,65,42777,-49,-32227,7,4597,684,449149,-677,-444552
2023/04/20,NQF,投信,0,0,0,0,0,0,0,0,0,0,0,0
2023/04/20,NQF,外資,1432,942554,1256,825467,176,117087,5,3283,586,384919,-581,-381636
2023/04/21,TX,自營商,9510,29844784,8963,28124002,547,1720782,12070,37667443,6481,20190099,5589,17477344
2023/04/21,TX,外資,63607,199860930,62473,196239708,1134,3621222,32933,102838288,19099,59640186,13834,43198102
2023/04/21,TX,投信,75,234238,375,1171181,-300,-936943,8676,27093413,16667,52047708,-7991,-24954295
2023/04/21,TE,自營商,276,814064,358,1055164,-82,-241101,450,1315666,262,765904,188,549762
2023/04/21,TE,投信,0,0,0,0,0,0,134,391789,0,0,134,391789
2023/04/21,MTX,自營商,11850,9296526,11145,8729865,705,566661,10029,7812389,7350,5714036,2679,2098353
2023/04/21,TE,外資,1271,3743094,1204,3547068,67,196026,720,2105136,171,499970,549,1605166
2023/04/21,MTX,投信,0,0,1,787,-1,-787,128,99930,16,12491,112,87439
2023/04/21,MTX,外資,96196,75570891,103638,81380247,-7442,-5809356,1736,1355095,11354,8862901,-9618,-7507806
2023/04/21,NQF,自營商,103,67588,54,35314,49,32274,0,0,628,410995,-628,-410995
2023/04/21,NQF,投信,0,0,0,0,0,0,0,0,0,0,0,0
2023/04/24,TX,投信,109,340475,65,202996,44,137479,8725,27256900,16672,52083328,-7947,-24826428
2023/04/24,TX,自營商,7187,22421474,7819,24397897,-632,-1976423,12377,38633599,7305,22767063,5072,15866536
2023/04/24,TX,外資,49472,154453387,47627,148687585,1845,5765802,34800,108709873,19123,59735475,15677,48974398
2023/04/21,NQF,外資,1762,1156646,1723,1129237,39,27409,4,2648,546,357330,-542,-354682
2023/04/24,TE,投信,0,0,0,0,0,0,134,390583,0,0,134,390583
2023/04/24,TE,自營商,238,694121,226,658753,12,35369,487,1419471,283,824742,204,594729
2023/04/24,MTX,自營商,7356,5728394,7705,6005161,-349,-276768,11053,8611216,9183,7147924,1870,1463292
2023/04/24,TE,外資,895,2609199,831,2423251,64,185949,802,2337670,189,550897,613,1786773
2023/04/24,MTX,投信,0,0,0,0,0,0,128,99968,16,12496,112,87472
2023/04/24,MTX,外資,78005,60880678,72074,56239432,5931,4641246,2478,1934897,6157,4807308,-3679,-2872411
2023/04/24,NQF,自營商,0,0,47,30722,-47,-30722,0,0,675,440201,-675,-440201
2023/04/24,NQF,投信,0,0,0,0,0,0,0,0,0,0,0,0
2023/04/24,NQF,外資,1661,1085521,1553,1014871,108,70650,0,0,434,283163,-434,-283163
2023/04/25,TX,外資,53324,165513085,60224,186986204,-6900,-21473119,31925,98253554,25354,78026314,6571,20227240
2023/04/25,TX,投信,370,1138981,522,1606815,-152,-467834,9073,27924879,17172,52851982,-8099,-24927103
2023/04/25,TE,自營商,304,877327,266,769537,38,107789,501,1433748,273,781103,228,652645
2023/04/25,TX,自營商,12278,38077916,11425,35412921,853,2664995,12717,39108580,6801,20875155,5916,18233425
2023/04/25,TE,投信,0,0,28,80246,-28,-80246,106,303351,0,0,106,303351
2023/04/25,MTX,自營商,11648,9028103,11250,8700229,398,327874,10242,7866965,7938,6074060,2304,1792905
2023/04/25,TE,外資,1113,3210059,1101,3176514,12,33546,885,2532693,261,746930,624,1785763
2023/04/25,MTX,投信,2,1539,2,1539,0,0,130,100029,18,13850,112,86179
2023/04/25,MTX,外資,77421,60105093,94511,73380304,-17090,-13275211,1692,1301465,13637,10491736,-11945,-9190271
2023/04/25,NQF,自營商,106,69278,4,2610,102,66668,0,0,573,372622,-573,-372622
2023/04/25,NQF,外資,1662,1085669,1487,970271,175,115398,42,27585,301,195740,-259,-168155
2023/04/26,TX,投信,13,39979,55,169248,-42,-129269,9072,27898214,17213,52933418,-8141,-25035204
2023/04/25,NQF,投信,0,0,0,0,0,0,0,0,0,0,0,0
2023/04/26,TX,自營商,11054,33936578,11442,35140193,-388,-1203615,12491,38375222,6981,21410550,5510,16964672
2023/04/26,TE,自營商,248,706996,316,900257,-68,-193261,415,1182487,261,743525,154,438962
2023/04/26,TX,外資,56604,173874595,57580,176854646,-976,-2980051,32411,99665168,26846,82548582,5565,17116586
2023/04/26,TE,投信,0,0,0,0,0,0,106,302036,0,0,106,302036
2023/04/26,TE,外資,1183,3370148,1201,3421440,-18,-51292,866,2467580,260,740844,606,1726736
2023/04/26,MTX,外資,86551,66453498,82051,62987418,4500,3466080,3830,2943613,11308,8692487,-7478,-5748874
2023/04/26,MTX,自營商,11387,8732236,11604,8897910,-217,-165674,8841,6782187,6476,4944900,2365,1837287
2023/04/26,MTX,投信,0,0,33,25369,-33,-25369,97,74574,18,13838,79,60736
2023/04/26,NQF,投信,0,0,0,0,0,0,0,0,0,0,0,0
2023/04/26,NQF,自營商,24,15571,2,1284,22,14287,0,0,551,357682,-551,-357682
2023/04/26,NQF,外資,1207,781744,1208,781692,-1,52,20,13090,280,181762,-260,-168672
2023/04/27,TX,自營商,7707,23700794,7702,23691621,5,9173,12233,37697682,6718,20665991,5515,17031691
2023/04/27,TX,投信,159,490553,81,249470,78,241083,9227,28467140,17290,53343108,-8063,-24875968
2023/04/27,TE,自營商,356,1017556,322,919895,34,97661,426,1222372,233,668289,193,554083
2023/04/27,TX,外資,51689,159013599,48001,147642358,3688,11371241,32605,100581472,23352,72037775,9253,28543697
2023/04/27,MTX,投信,0,0,0,0,0,0,97,74816,18,13883,79,60933
2023/04/27,TE,投信,71,203639,1,2861,70,200778,176,505050,0,0,176,505050
2023/04/27,TE,外資,1212,3465094,1294,3700486,-82,-235392,772,2215331,248,711661,524,1503670
2023/04/27,MTX,自營商,9560,7342623,8308,6380543,1252,962080,10180,7831611,6563,5026422,3617,2805189
2023/04/27,MTX,外資,83172,63956241,78984,60716763,4188,3239478,5013,3866036,8303,6403225,-3290,-2537189
2023/04/27,NQF,自營商,0,0,23,14853,-23,-14853,0,0,574,372670,-574,-372670
2023/04/27,NQF,投信,0,0,0,0,0,0,0,0,0,0,0,0
2023/04/27,NQF,外資,1615,1046179,1423,920818,192,125361,25,16329,93,60380,-68,-44051
2023/04/28,TX,投信,585,1821558,135,420337,450,1401221,9239,28773942,16852,52483869,-7613,-23709927
2023/04/28,TX,自營商,7368,22862756,7637,23702485,-269,-839729,12261,38138617,7032,21838855,5229,16299762
2023/04/28,TX,外資,52310,162406568,50544,156899605,1766,5506962,34486,107389048,21733,67677581,12753,39711467
2023/04/28,TE,自營商,214,618262,181,522684,33,95579,406,1176672,181,524283,225,652389
2023/04/28,TE,投信,0,0,2,5796,-2,-5796,174,504322,0,0,174,504322
2023/04/28,TE,外資,928,2683417,992,2867422,-64,-184006,747,2165105,287,831841,460,1333264
2023/04/28,MTX,自營商,11344,8789992,9219,7144204,2125,1645788,10921,8480524,5111,3948056,5810,4532468
2023/04/28,MTX,投信,5,3888,5,3892,0,-5,97,75524,18,14015,79,61509
2023/04/28,MTX,外資,87884,68184001,80896,62750538,6988,5433463,2418,1881519,5656,4402993,-3238,-2521474
2023/04/28,NQF,投信,0,0,0,0,0,0,0,0,0,0,0,0
2023/04/28,NQF,自營商,64,41911,4,2643,60,39267,0,0,514,339934,-514,-339934
2023/04/28,NQF,外資,2042,1339488,1440,945702,602,393786,562,372297,28,18518,534,353779
2023/05/02,TX,自營商,10224,31870394,10463,32627971,-239,-757577,13239,41327272,8447,26334352,4792,14992920
2023/05/02,TX,投信,171,534758,95,297068,76,237690,9205,28784035,16742,52352234,-7537,-23568199
2023/05/02,TX,外資,51988,162306695,50624,158012596,1364,4294100,35080,109675016,20979,65571918,14101,44103098
2023/05/02,TE,投信,0,0,0,0,0,0,174,506514,0,0,174,506514
2023/05/02,TE,自營商,270,785680,185,537110,85,248570,506,1472946,198,575784,308,897162
2023/05/02,TE,外資,915,2662724,939,2733095,-24,-70370,766,2229826,330,960630,436,1269196
2023/05/02,MTX,自營商,9600,7475024,9610,7482227,-10,-7203,10733,8365386,4141,3207443,6592,5157943
2023/05/02,MTX,投信,3,2345,5,3909,-2,-1564,92,71921,15,11726,77,60195
2023/05/02,MTX,外資,76027,59330363,73851,57614990,2176,1715374,4768,3725568,5766,4506203,-998,-780635
2023/05/02,NQF,投信,0,0,0,0,0,0,0,0,0,0,0,0
2023/05/02,NQF,自營商,35,23248,1,660,34,22588,0,0,480,319488,-480,-319488
2023/05/03,TX,自營商,9336,29050024,8956,27852066,380,1197958,12636,39239168,7621,23618536,5015,15620632
2023/05/03,TE,自營商,157,454801,194,561634,-37,-106833,409,1183691,194,560794,215,622897
2023/05/02,NQF,外資,1225,811751,1290,854475,-65,-42724,493,328722,24,15974,469,312748
2023/05/03,TX,外資,45174,140610354,45585,141889067,-411,-1278713,34363,106840740,20673,64260778,13690,42579962
2023/05/03,TE,投信,0,0,0,0,0,0,174,503591,0,0,174,503591
2023/05/03,TX,投信,86,267470,269,836797,-183,-569327,9212,28647478,16932,52655134,-7720,-24007656
2023/05/03,TE,外資,770,2230255,747,2163642,23,66613,793,2295101,334,966663,459,1328438
2023/05/03,MTX,自營商,10062,7818511,9035,7009085,1027,809427,10735,8320332,2549,1951317,8186,6369015
2023/05/03,MTX,投信,0,0,6,4671,-6,-4671,88,68416,17,13217,71,55199
2023/05/03,MTX,外資,67830,52769749,73613,57269698,-5783,-4499950,3328,2586297,10013,7782816,-6685,-5196519
2023/05/03,NQF,投信,0,0,0,0,0,0,0,0,0,0,0,0
2023/05/03,NQF,自營商,24,15810,47,30929,-23,-15119,0,0,503,331578,-503,-331578
2023/05/04,TX,自營商,7482,23268041,7604,23656833,-122,-388792,12397,38633838,7485,23279881,4912,15353957
2023/05/04,TX,外資,53192,165497491,48469,150824189,4723,14673301,35665,111300842,17252,53822720,18413,57478122
2023/05/03,NQF,外資,1007,664835,1570,1036576,-563,-371741,98,64747,192,126566,-94,-61819
2023/05/04,TE,自營商,209,605528,204,590743,5,14785,429,1245927,196,568399,233,677528
2023/05/04,TX,投信,168,524122,70,217608,98,306514,9246,28860464,16868,52651775,-7622,-23791311
2023/05/04,TE,投信,0,0,0,0,0,0,174,505400,0,0,174,505400
2023/05/04,MTX,自營商,8256,6402316,7486,5809647,770,592669,11894,9250538,3014,2323121,8880,6927417
2023/05/04,TE,外資,929,2692006,918,2660289,11,31717,804,2335298,334,970136,470,1365162
2023/05/04,MTX,外資,78659,61176922,74032,57572025,4627,3604897,3888,3033267,5946,4638239,-2058,-1604972
2023/05/04,MTX,投信,1,780,0,0,1,780,88,68671,16,12486,72,56185
2023/05/04,NQF,投信,0,0,0,0,0,0,0,0,0,0,0,0
2023/05/04,NQF,外資,1331,879564,1491,983786,-160,-104222,118,77728,372,244925,-254,-167197
2023/05/04,NQF,自營商,33,21756,64,42200,-31,-20445,0,0,534,351586,-534,-351586
2023/05/05,TX,投信,467,1461515,50,156316,417,1305199,9389,29372548,16594,51912670,-7205,-22540122
2023/05/05,TE,自營商,227,661400,174,506193,53,155207,480,1398859,216,628586,264,770273
2023/05/05,TX,外資,49118,153400686,49774,155410507,-656,-2009821,35037,109584974,17281,54037854,17756,55547120
2023/05/05,TX,自營商,8121,25342824,8441,26349023,-320,-1006199,12398,38722932,7785,24270494,4613,14452438
2023/05/05,TE,投信,0,0,0,0,0,0,174,507140,0,0,174,507140
2023/05/05,TE,外資,895,2608272,931,2713080,-36,-104808,755,2200473,321,935587,434,1264886
2023/05/05,MTX,投信,0,0,10,7822,-10,-7822,78,61004,16,12514,62,48490
2023/05/05,MTX,自營商,9521,7414112,9433,7346377,88,67735,12319,9600093,3435,2657788,8884,6942305
2023/05/05,MTX,外資,79557,62105636,82510,64381923,-2953,-2276288,2959,2313426,7966,6228604,-5007,-3915178
2023/05/05,NQF,自營商,32,20955,24,15664,8,5291,0,0,526,344846,-526,-344846
2023/05/05,NQF,外資,1257,822425,1436,939543,-179,-117119,81,53104,514,337141,-433,-284037
2023/05/05,NQF,投信,0,0,0,0,0,0,0,0,0,0,0,0
2023/05/08,TX,自營商,7079,22248779,7126,22398365,-47,-149586,12259,38482093,7576,23735494,4683,14746599
2023/05/08,TX,投信,226,710729,31,97497,195,613232,9411,29593831,16421,51637477,-7010,-22043646
2023/05/08,TX,外資,43925,138103500,45873,144198740,-1948,-6095240,33166,104267744,17358,54558921,15808,49708823
2023/05/08,TE,自營商,182,534414,194,568876,-12,-34463,491,1439775,224,655873,267,783902
2023/05/08,TE,投信,0,0,0,0,0,0,174,510272,0,0,174,510272
2023/05/08,MTX,自營商,7121,5579438,5816,4560089,1305,1019349,12983,10166023,3262,2536046,9721,7629977
2023/05/08,TE,外資,1019,2991805,1000,2936672,19,55133,700,2052767,247,724352,453,1328415
2023/05/08,MTX,投信,2,1572,0,0,2,1572,78,61320,14,11006,64,50314
2023/05/08,MTX,外資,66721,52432454,65983,51847578,738,584876,2061,1619660,6330,4974864,-4269,-3355204
2023/05/08,NQF,自營商,30,19996,0,0,30,19996,0,0,496,330435,-496,-330435
2023/05/08,NQF,投信,0,0,0,0,0,0,0,0,0,0,0,0
2023/05/08,NQF,外資,1732,1146949,974,644600,758,502349,335,223843,10,6662,325,217181
2023/05/09,TX,自營商,6503,20417872,6938,21791538,-435,-1373667,12131,38107292,7774,24378039,4357,13729253
2023/05/09,TE,自營商,170,499448,234,686761,-64,-187313,452,1329699,248,728641,204,601058
2023/05/09,TX,投信,289,909618,29,91273,260,818345,9671,30436571,16421,51680171,-6750,-21243600
2023/05/09,TE,投信,0,0,69,203032,-69,-203032,105,308931,0,0,105,308931
2023/05/09,MTX,投信,2,1574,0,0,2,1574,78,61370,12,9442,66,51928
2023/05/09,TX,外資,39670,124648478,38543,121091883,1127,3556594,33775,106265645,16841,52969478,16934,53296167
2023/05/09,MTX,自營商,7329,5741409,7212,5651202,117,90207,12994,10183678,3592,2799511,9402,7384167
2023/05/09,TE,外資,913,2680705,1073,3150740,-160,-470035,592,1741732,299,879718,293,862014
2023/05/09,MTX,外資,58160,45675776,56175,44109502,1985,1566274,3690,2901869,5970,4695898,-2280,-1794029
2023/05/10,TX,自營商,10863,33974458,8683,27141515,2180,6832943,13418,41821530,6767,21035472,6651,20786058
2023/05/09,NQF,自營商,21,13951,8,5335,13,8616,0,0,483,322233,-483,-322233
2023/05/09,NQF,投信,0,0,0,0,0,0,0,0,0,0,0,0
2023/05/10,TX,投信,43,134266,181,565182,-138,-430916,9700,30283400,16588,51787736,-6888,-21504336
2023/05/09,NQF,外資,811,540080,668,444513,143,95567,470,314469,2,1334,468,313135
2023/05/10,TE,自營商,279,813468,325,948356,-46,-134888,392,1139284,268,777756,124,361528
2023/05/10,TX,外資,40750,127532986,49816,155935866,-9066,-28402880,26574,82929734,20264,63221597,6310,19708137
2023/05/10,MTX,自營商,9113,7119723,11483,8944411,-2370,-1824687,12158,9458450,5571,4306554,6587,5151896
2023/05/10,TE,投信,0,0,0,0,0,0,105,305193,0,0,105,305193
2023/05/10,TE,外資,1210,3527454,1208,3522034,2,5420,500,1453248,205,595853,295,857395
2023/05/10,MTX,投信,0,0,5,3913,-5,-3913,73,56977,12,9366,61,47611
2023/05/10,MTX,外資,57679,45113146,71866,56228667,-14187,-11115521,668,520957,10784,8413417,-10116,-7892460
2023/05/10,NQF,自營商,80,53124,114,75705,-34,-22581,0,0,517,342771,-517,-342771
2023/05/10,NQF,外資,570,378679,818,543425,-248,-164746,440,292684,220,145860,220,146824
2023/05/10,NQF,投信,0,0,0,0,0,0,0,0,0,0,0,0
2023/05/11,TX,自營商,9709,30229918,11358,35394418,-1649,-5164501,12710,39371443,7840,24241604,4870,15129839
2023/05/11,TE,自營商,295,857293,264,767136,31,90158,391,1129965,251,724341,140,405624
2023/05/11,TE,投信,0,0,0,0,0,0,105,303555,0,0,105,303555
2023/05/11,TE,外資,936,2719784,959,2787875,-23,-68091,457,1320017,185,534783,272,785234
2023/05/11,MTX,自營商,13151,10229109,13767,10697177,-616,-468068,13527,10462944,7028,5412524,6499,5050420
2023/05/11,TX,外資,60399,188438040,60523,188793762,-124,-355722,28158,87356912,21971,68143147,6187,19213765
2023/05/11,MTX,投信,5,3875,0,0,5,3875,78,60498,12,9311,66,51187
2023/05/11,MTX,外資,91085,71040608,87772,68437754,3313,2602853,3131,2427636,9938,7706538,-6807,-5278902
2023/05/11,NQF,自營商,62,41534,6,4013,56,37521,0,0,461,309492,-461,-309492
2023/05/11,NQF,外資,2608,1743121,1929,1288070,679,455051,903,607391,4,2685,899,604706
2023/05/12,TX,自營商,10781,33346064,10938,33815838,-157,-469774,12711,39335026,7786,24029114,4925,15305912
2023/05/11,NQF,投信,0,0,0,0,0,0,0,0,0,0,0,0
2023/05/12,TX,外資,61920,191576683,61422,190042855,498,1533828,29196,90444130,22511,69740379,6685,20703751
2023/05/11,TX,投信,211,657294,292,906985,-81,-249690,9681,30047888,16650,51678270,-6969,-21630382
2023/05/12,TX,投信,188,581005,174,538369,14,42636,9696,30067117,16651,51636715,-6955,-21569598
2023/05/12,TE,自營商,372,1072712,271,781251,101,291462,453,1309314,236,681209,217,628105
2023/05/12,TE,投信,0,0,1,2881,-1,-2881,104,300706,0,0,104,300706
2023/05/12,MTX,自營商,11118,8577939,10958,8458196,160,119743,13076,10101928,7265,5590587,5811,4511341
2023/05/12,MTX,投信,12,9305,11,8473,1,831,78,60449,11,8474,67,51975
2023/05/12,MTX,外資,87804,67901367,84768,65539917,3036,2361450,3940,3052957,7711,5972707,-3771,-2919750
2023/05/12,NQF,自營商,462,310206,189,126725,273,183481,121,81500,309,208127,-188,-126627
2023/05/12,NQF,外資,1408,945624,1304,875398,104,70226,1007,679497,4,2694,1003,676803
2023/05/12,NQF,投信,0,0,0,0,0,0,0,0,0,0,0,0
2023/05/15,TX,自營商,12076,37318153,15129,46734972,-3053,-9416818,13561,41982640,11686,36105686,1875,5876954
2023/05/15,TX,外資,77715,240127264,72513,224179125,5202,15948140,39060,120838984,27176,84150398,11884,36688586
2023/05/15,TX,投信,14979,46270386,14931,46048345,48,222041,9753,30179144,16660,51541840,-6907,-21362696
2023/05/15,TE,外資,1239,3569669,1236,3563762,3,5907,448,1288396,300,864661,148,423735
2023/05/15,TE,投信,1,2863,1,2887,0,-24,104,300245,0,0,104,300245
2023/05/15,TE,自營商,716,2056377,512,1474837,204,581540,648,1862385,236,679642,412,1182743
2023/05/12,TE,外資,928,2676455,1055,3043181,-127,-366726,390,1126408,245,708341,145,418067
2023/05/15,MTX,自營商,11176,8622986,11227,8656908,-51,-33922,14855,11484518,9107,7017589,5748,4466929
2023/05/15,MTX,外資,82435,63733333,77711,60075796,4724,3657537,6641,5140150,5676,4397164,965,742986
2023/05/15,NQF,外資,854,572173,1208,809994,-354,-237822,652,437651,3,2010,649,435641
2023/05/16,TX,自營商,15335,47917668,19009,59401789,-3674,-11484121,11213,35112491,13167,41161143,-1954,-6048652
2023/05/15,NQF,投信,0,0,0,0,0,0,0,0,0,0,0,0
2023/05/15,NQF,自營商,106,70975,158,105567,-52,-34592,37,24796,277,185632,-240,-160836
2023/05/16,TE,投信,115,334132,103,301285,12,32848,116,337258,0,0,116,337258
2023/05/16,TX,外資,78357,244477790,66497,207478954,11860,36998836,42853,134051609,17625,55142983,25228,78908626
2023/05/15,MTX,投信,26,20072,26,20161,0,-88,78,60381,11,8492,67,51889
2023/05/16,TE,自營商,496,1446430,500,1456939,-4,-10509,713,2078818,295,860468,418,1218350
2023/05/16,TE,外資,1669,4864933,1490,4345567,179,519366,619,1802138,292,850817,327,951321
2023/05/16,MTX,自營商,15991,12446464,12610,9832008,3381,2614456,15717,12281508,5968,4645301,9749,7636207
2023/05/16,MTX,投信,48,37470,47,36840,1,630,78,60953,10,7815,68,53138
2023/05/16,MTX,外資,76570,59756555,65475,51096529,11095,8660027,11012,8630267,4888,3831973,6124,4798294
2023/05/17,TX,自營商,24606,77821863,26752,84630122,-2146,-6808260,3519,11127696,13795,43772716,-10276,-32645020
2023/05/16,NQF,自營商,171,114783,102,68299,69,46484,149,100203,320,215200,-171,-114997
2023/05/16,NQF,外資,925,621227,907,608644,18,12583,668,450176,1,673,667,449503
2023/05/16,NQF,投信,0,0,0,0,0,0,0,0,0,0,0,0
2023/05/17,TX,外資,74341,234644455,68042,214797574,6299,19846880,48484,153932926,16195,51418814,32289,102514112
2023/05/17,TE,投信,0,0,0,0,0,0,116,343082,0,0,116,343082
2023/05/17,TX,投信,560,1775681,290,918478,270,857203,9370,29749750,15915,50530125,-6545,-20780375
2023/05/17,TE,外資,1428,4198954,1271,3739895,157,459058,705,2085108,229,677290,476,1407818
2023/05/17,MTX,外資,88101,69502629,76413,60280970,11688,9221659,12265,9735078,1555,1234237,10710,8500841
2023/05/17,TE,自營商,635,1871774,680,2005597,-45,-133824,569,1682874,207,612223,362,1070651
2023/05/17,MTX,自營商,19155,15125994,16255,12844359,2900,2281636,9756,7698943,4914,3877638,4842,3821305
2023/05/17,MTX,投信,1,794,0,0,1,794,78,61913,9,7144,69,54769
2023/05/17,NQF,自營商,176,118729,144,97100,32,21629,221,149274,360,243162,-139,-93888
2023/05/17,NQF,投信,0,0,0,0,0,0,0,0,0,0,0,0
2023/05/18,TX,自營商,8872,28358057,9373,29990162,-501,-1632105,3860,12352043,14612,46913751,-10752,-34561708
2023/05/18,TX,投信,208,668217,177,568386,31,99832,9229,29660160,15743,50594853,-6514,-20934693
2023/05/18,TE,自營商,306,915814,416,1243506,-110,-327692,552,1656110,301,903060,251,753050
2023/05/18,TX,外資,52371,167572367,52442,167747664,-71,-175298,50176,161244699,17958,57713332,32218,103531367
2023/05/18,TE,投信,0,0,0,0,0,0,116,348023,0,0,116,348023
2023/05/17,NQF,外資,1104,745467,889,599809,215,145658,885,598966,3,2026,882,596940
2023/05/18,MTX,自營商,8431,6726032,7907,6305722,524,420311,10645,8510972,5379,4299928,5266,4211044
2023/05/18,MTX,投信,1,803,4,3211,-3,-2408,74,59455,8,6428,66,53027
2023/05/18,MTX,外資,75428,60293269,80724,64497193,-5296,-4203924,7409,5952455,1995,1602161,5414,4350294
2023/05/18,NQF,自營商,113,76724,111,75405,2,1320,251,171182,388,264616,-137,-93434
2023/05/18,TE,外資,1360,4069756,1320,3951439,40,118317,728,2184146,212,636042,516,1548104
2023/05/18,NQF,投信,0,0,0,0,0,0,0,0,0,0,0,0
2023/05/18,NQF,外資,609,413488,728,494599,-119,-81112,776,530488,13,8866,763,521622
2023/05/19,TX,投信,170,548245,226,728878,-56,-180633,9042,29164067,15612,50354945,-6570,-21190878
2023/05/19,TX,自營商,7811,25159706,8929,28754086,-1118,-3594379,3613,11606019,15442,49760220,-11829,-38154201
2023/05/19,TE,外資,1207,3638004,1108,3339827,99,298177,849,2561558,236,712059,613,1849499
2023/05/19,MTX,自營商,8454,6799865,9133,7339316,-679,-539451,10332,8296106,5909,4742366,4423,3553740
2023/05/19,MTX,外資,74163,59716528,76095,61270960,-1932,-1554432,6103,4920454,2621,2113422,3482,2807032
2023/05/19,TE,投信,0,0,0,0,0,0,116,349995,0,0,116,349995
2023/05/19,TX,外資,48244,155468802,49133,158340888,-889,-2872087,50066,161470769,18737,60433816,31329,101036953
2023/05/19,TE,自營商,259,780677,352,1060903,-93,-280226,525,1583985,338,1019814,187,564171
2023/05/19,NQF,自營商,311,214032,127,87357,184,126676,383,266491,336,233789,47,32702
2023/05/19,MTX,投信,5,4032,0,0,5,4032,77,62089,6,4838,71,57251
2023/05/22,TX,投信,298,960503,2,6446,296,954058,9338,30096374,15612,50317476,-6274,-20221102
2023/05/22,TX,自營商,4320,13918952,5049,16262312,-729,-2343360,3455,11092200,16000,51521801,-12545,-40429601
2023/05/19,NQF,外資,1689,1162788,1332,917343,357,245446,1120,781031,0,0,1120,781031
2023/05/22,TX,外資,36666,118201812,37183,119863397,-517,-1661585,50366,162317748,19551,63012094,30815,99305654
2023/05/19,NQF,投信,0,0,0,0,0,0,0,0,0,0,0,0
2023/05/22,TE,自營商,208,627206,236,711039,-28,-83833,475,1430605,318,957670,157,472935
2023/05/22,MTX,自營商,4452,3581508,5121,4117690,-669,-536183,10831,8694472,7129,5721013,3702,2973459
2023/05/22,MTX,投信,0,0,0,0,0,0,77,62043,6,4835,71,57208
2023/05/22,TE,外資,711,2142927,641,1932222,70,210705,926,2788886,243,731867,683,2057019
2023/05/22,MTX,外資,48689,39223123,51466,41457317,-2777,-2234194,5038,4058450,4345,3501478,693,556972
2023/05/22,TE,投信,0,0,0,0,0,0,116,349369,0,0,116,349369
2023/05/22,NQF,自營商,61,42350,52,36037,9,6313,393,272349,337,233541,56,38808
2023/05/22,NQF,外資,844,585748,1113,772231,-269,-186483,868,603094,17,11781,851,591313
2023/05/22,NQF,投信,0,0,0,0,0,0,0,0,0,0,0,0
2023/05/23,TX,投信,249,803253,5,16135,244,787118,9582,30921114,15612,50379924,-6030,-19458810
2023/05/23,TX,自營商,5905,19039324,7197,23195950,-1292,-4156626,3370,10831003,17141,55262028,-13771,-44431025
2023/05/23,TX,外資,42509,137113003,43053,138865658,-544,-1752655,52551,169571119,22279,71893471,30272,97677648
2023/05/23,TE,自營商,198,596328,165,496861,33,99467,496,1495440,311,937583,185,557857
2023/05/23,MTX,自營商,5793,4665812,5821,4681769,-28,-15957,11226,9025142,7816,6279091,3410,2746051
2023/05/23,TE,外資,792,2384130,889,2676350,-97,-292220,870,2623009,292,880380,578,1742629
2023/05/23,MTX,投信,0,0,0,0,0,0,77,62120,6,4841,71,57279
2023/05/23,TE,投信,5,15060,0,0,5,15060,121,364815,0,0,121,364815
2023/05/23,MTX,外資,63872,51484195,63564,51231349,308,252846,5294,4269692,4297,3467656,997,802036
2023/05/23,NQF,投信,0,0,0,0,0,0,0,0,0,0,0,0
2023/05/23,NQF,外資,812,565074,649,450967,163,114106,1014,707671,0,0,1014,707671
2023/05/23,NQF,自營商,217,150810,19,13203,198,137607,583,405797,329,229000,254,176797
2023/05/24,TX,投信,344,1105514,354,1137605,-10,-32091,9655,31029239,15695,50440591,-6040,-19411352
2023/05/24,TE,自營商,303,908952,196,587555,107,321397,570,1709316,289,866561,281,842755
2023/05/24,TX,外資,44017,141366454,45414,145840609,-1397,-4474154,53476,171850710,24599,79054667,28877,92796043
2023/05/24,MTX,投信,5,4016,1,803,4,3212,82,65883,7,5624,75,60259
2023/05/24,TE,外資,773,2317032,896,2685969,-123,-368937,721,2162104,270,809676,451,1352428
2023/05/24,MTX,自營商,9245,7420416,8189,6550329,1056,870087,10893,8725311,8819,7046483,2074,1678828
2023/05/24,TE,投信,0,0,6,17975,-6,-17975,115,344862,0,0,115,344862
2023/05/24,TX,自營商,9428,30258988,9050,29031762,378,1227226,3255,10417361,16422,52709654,-13167,-42292293
2023/05/24,MTX,外資,60541,48596994,65657,52697874,-5116,-4100880,5539,4448253,9226,7412207,-3687,-2963954
2023/05/24,NQF,投信,0,0,0,0,0,0,0,0,0,0,0,0
2023/05/24,NQF,外資,555,383589,1074,742140,-519,-358551,768,529290,273,187565,495,341725
2023/05/24,NQF,自營商,135,93431,106,73262,29,20169,615,422536,332,228101,283,194435
2023/05/25,TX,自營商,8342,26885370,9216,29703128,-874,-2817758,3562,11486690,17593,56940179,-14031,-45453489
2023/05/25,TX,投信,273,884805,271,878232,2,6573,9438,30588558,15476,50157716,-6038,-19569158
2023/05/25,TX,外資,62670,202196022,61431,198142966,1239,4053056,54672,177179406,24504,79415880,30168,97763526
2023/05/25,TE,外資,1477,4495977,1497,4554203,-20,-58226,709,2169360,278,850624,431,1318736
2023/05/25,MTX,自營商,11455,9207671,8915,7163420,2540,2044251,13148,10609780,8574,6901252,4574,3708528
2023/05/25,TE,自營商,306,927138,278,842712,28,84426,607,1857068,303,926735,304,930333
2023/05/25,TE,投信,0,0,0,0,0,0,115,351877,0,0,115,351877
2023/05/25,MTX,投信,0,0,0,0,0,0,82,66441,7,5672,75,60769
2023/05/25,MTX,外資,90756,73155223,87365,70353580,3391,2801643,6947,5625917,7451,6036996,-504,-411079
2023/05/25,NQF,自營商,154,106413,439,299223,-285,-192810,185,127992,187,129376,-2,-1384
2023/05/26,TX,投信,547,1798330,106,348455,441,1449875,9425,30985630,15022,49386327,-5597,-18400697
2023/05/25,NQF,外資,1540,1054793,1611,1101850,-71,-47057,566,392943,142,98243,424,294700
2023/05/25,NQF,投信,0,0,0,0,0,0,0,0,0,0,0,0
2023/05/26,TX,自營商,9430,30855188,9455,30962041,-25,-106853,3754,12284938,17669,58013317,-13915,-45728379
2023/05/26,TE,投信,0,0,2,6287,-2,-6287,113,355317,0,0,113,355317
2023/05/26,TE,自營商,335,1042582,467,1456522,-132,-413941,491,1543406,284,891897,207,651509
2023/05/26,TX,外資,62719,205350371,59280,194044829,3439,11305542,56225,184828484,22616,74349223,33609,110479261
2023/05/26,MTX,自營商,12435,10147520,8336,6800280,4099,3347240,13980,11438486,5871,4775521,8109,6662965
2023/05/26,MTX,投信,3,2466,0,0,3,2466,82,67396,4,3288,78,64108
2023/05/26,TE,外資,1680,5249971,1867,5834016,-187,-584045,651,2046963,416,1308070,235,738893
2023/05/26,MTX,外資,89386,73100669,87885,71849461,1501,1251208,7598,6240648,6609,5433976,989,806672
2023/05/26,NQF,投信,0,0,0,0,0,0,0,0,0,0,0,0
2023/05/26,NQF,自營商,121,84350,168,116704,-47,-32354,208,145257,257,179476,-49,-34219
2023/05/26,NQF,外資,1578,1099837,1133,788855,445,310982,886,620869,17,11872,869,608997
2023/05/29,TX,自營商,10108,33474005,7712,25534703,2396,7939301,3739,12342459,15226,50405029,-11487,-38062570
2023/05/29,TE,自營商,255,808783,300,951747,-45,-142964,403,1278701,262,830202,141,448499
2023/05/29,TX,外資,49111,162763004,54525,180702943,-5414,-17939939,54744,181495243,26555,88041399,28189,93453844
2023/05/29,TE,投信,0,0,0,0,0,0,113,358775,0,0,113,358775
2023/05/29,TX,投信,511,1694522,60,198924,451,1495598,9414,31213058,14560,48275136,-5146,-17062078
2023/05/29,MTX,投信,1,828,0,0,1,828,83,68799,4,3316,79,65483
2023/05/29,TE,外資,1254,3979454,1296,4112383,-42,-132929,614,1949409,433,1374775,181,574634
2023/05/29,MTX,外資,73433,60812013,85097,70468954,-11664,-9656941,3626,3001479,14277,11836288,-10651,-8834809
2023/05/29,MTX,自營商,11563,9561358,8722,7195100,2841,2366259,15680,12955101,4858,3975697,10822,8979404
2023/05/30,TX,自營商,5213,17267475,6502,21530450,-1289,-4262975,3616,11934396,16175,53530347,-12559,-41595951
2023/05/29,NQF,外資,1526,1083979,1501,1066410,25,17568,901,651373,7,5039,894,646334
2023/05/29,NQF,投信,0,0,0,0,0,0,0,0,0,0,0,0
2023/05/30,TE,自營商,129,409082,117,370639,12,38443,430,1363955,265,839462,165,524493
2023/05/30,TX,投信,54,179057,30,99435,24,79621,9404,31170498,14526,48147880,-5122,-16977382
2023/05/29,NQF,自營商,197,140478,68,48342,129,92136,257,185001,177,127422,80,57579
2023/05/30,TX,外資,34185,113289019,33296,110336506,889,2952513,56263,186475075,27185,90101249,29078,96373826
2023/05/30,TE,投信,0,0,0,0,0,0,113,358662,0,0,113,358662
2023/05/30,MTX,自營商,6654,5495694,7257,5994528,-603,-498834,14893,12297671,5542,4541530,9351,7756141
2023/05/30,TE,外資,745,2361966,742,2352853,3,9113,620,1967839,436,1383864,184,583975
2023/05/30,MTX,投信,0,0,0,0,0,0,83,68778,4,3315,79,65463
2023/05/30,MTX,外資,49628,41102168,48732,40360328,896,741840,5701,4716896,15456,12810300,-9755,-8093404
2023/05/30,NQF,自營商,23,16536,4,2876,19,13660,276,198513,177,127316,99,71197
2023/05/30,NQF,外資,439,316146,432,310811,7,5335,903,652586,2,1439,901,651147
2023/05/30,NQF,投信,0,0,0,0,0,0,0,0,0,0,0,0
2023/05/31,TX,自營商,13791,45670922,12929,42792835,862,2878087,3558,11681188,14990,49336712,-11432,-37655524
2023/05/31,TX,外資,68718,227599679,70394,233174842,-1676,-5575163,56250,185472110,30581,100838750,25669,84633360
2023/05/31,TX,投信,426,1407708,271,894512,155,513196,9536,31445914,14503,47825093,-4967,-16379179
2023/05/31,MTX,自營商,13276,10982255,12653,10436230,623,546025,14063,11559093,5743,4670704,8320,6888389
2023/05/31,MTX,投信,0,0,0,0,0,0,83,68425,4,3298,79,65127
2023/05/31,TE,外資,1285,4064199,1294,4092790,-9,-28591,786,2475232,611,1924161,175,551071
2023/05/31,TE,投信,0,0,2,6297,-2,-6297,111,349561,0,0,111,349561
2023/05/31,TE,自營商,228,721130,310,980411,-82,-259281,378,1189423,315,990321,63,199102
2023/05/31,MTX,外資,101381,83945793,107356,88899026,-5975,-4953233,4992,4110925,13859,11426096,-8867,-7315171
2023/05/31,NQF,投信,0,0,0,0,0,0,0,0,0,0,0,0
2023/05/31,NQF,外資,1803,1303588,1865,1347859,-62,-44270,851,613516,12,8609,839,604907
2023/06/01,TX,投信,150,494047,18,59253,132,434794,9674,31864221,14509,47789744,-4835,-15925523
2023/05/31,NQF,自營商,109,78767,102,73709,7,5058,283,203024,177,126989,106,76035
2023/06/01,TE,投信,0,0,1,3139,-1,-3139,110,345290,0,0,110,345290
2023/06/01,TX,外資,52308,172213592,53461,176002807,-1153,-3789216,55829,183863949,31308,103117193,24521,80746756
2023/06/01,TX,自營商,6592,21688407,6111,20095665,481,1592743,3893,12765943,14675,48228707,-10782,-35462764
2023/06/01,TE,外資,1144,3590251,1057,3317880,87,272371,984,3088735,732,2297748,252,790987
2023/06/01,MTX,投信,5,4119,2,1647,3,2472,88,72464,6,4941,82,67523
2023/06/01,TE,自營商,222,697399,268,841115,-46,-143717,358,1122666,356,1115576,2,7090
2023/06/01,MTX,外資,82379,67775479,84819,69774642,-2440,-1999164,4762,3916301,16089,13249535,-11327,-9333234
2023/06/01,MTX,自營商,8895,7309188,9859,8090100,-964,-780912,13347,10958975,6667,5417549,6680,5541426
2023/06/01,NQF,自營商,115,82408,123,88056,-8,-5647,262,187304,164,117252,98,70052
2023/06/01,NQF,投信,0,0,0,0,0,0,0,0,0,0,0,0
2023/06/02,TX,自營商,8519,28310450,8116,26955872,403,1354578,4117,13708605,14437,48142704,-10320,-34434099
2023/06/02,TX,外資,52007,172708049,52168,173323952,-161,-615903,57680,192737997,33320,111355259,24360,81382738
2023/06/02,TX,投信,749,2499384,77,257335,672,2242050,9867,32974211,14030,46891066,-4163,-13916855
2023/06/02,TE,投信,1,3194,0,0,1,3194,111,354467,0,0,111,354467
2023/06/02,TE,自營商,301,955442,249,790709,52,164734,428,1365317,386,1230595,42,134722
2023/06/02,TE,外資,854,2714706,918,2918743,-64,-204037,992,3167815,804,2567494,188,600321
2023/06/01,NQF,外資,1087,778828,1479,1059546,-392,-280718,733,526281,286,204461,447,321820
2023/06/02,MTX,投信,1,836,0,0,1,836,88,73528,5,4178,83,69350
2023/06/02,MTX,自營商,12557,10376057,10293,8529377,2264,1846681,15990,13301557,7282,6019886,8708,7281671
2023/06/02,MTX,外資,82478,68406042,74598,61863202,7880,6542840,9867,8236133,13314,11125307,-3447,-2889174
2023/06/02,NQF,自營商,141,101358,121,86680,20,14678,253,183589,135,97971,118,85618
2023/06/02,NQF,投信,0,0,0,0,0,0,0,0,0,0,0,0
2023/06/02,NQF,外資,1652,1188886,1689,1214600,-37,-25715,651,474689,241,174882,410,299807
2023/06/05,TX,自營商,8191,27388010,8050,26910000,141,478010,3818,12696025,13952,46451900,-10134,-33755875
2023/06/05,TX,投信,128,427096,230,768280,-102,-341185,9655,32211753,13920,46445472,-4265,-14233719
2023/06/05,TE,投信,24,76180,0,0,24,76180,135,428517,0,0,135,428517
2023/06/05,TE,自營商,259,824693,381,1213539,-122,-388846,318,1007879,395,1251663,-77,-243784
2023/06/05,MTX,投信,0,0,5,4178,-5,-4178,83,69234,5,4171,78,65063
2023/06/05,MTX,外資,76906,64298495,84064,70277624,-7158,-5979130,5289,4406816,15894,13257896,-10605,-8851080
2023/06/05,TX,外資,48519,162317096,50693,169593406,-2174,-7276310,54879,183071565,32693,109075478,22186,73996087
2023/06/05,MTX,自營商,8689,7249977,8343,6948092,346,301885,16272,13527395,7398,6108018,8874,7419377
2023/06/05,TE,外資,1119,3567094,987,3146204,132,420889,1065,3380486,745,2364779,320,1015707
2023/06/05,NQF,投信,0,0,0,0,0,0,0,0,0,0,0,0
2023/06/05,NQF,外資,1540,1121794,1695,1233301,-155,-111506,568,415115,313,227473,255,187642
2023/06/05,NQF,自營商,139,101278,238,172982,-99,-71704,198,143897,179,130096,19,13801
2023/06/06,TX,自營商,6615,22107626,7293,24372937,-678,-2265311,4107,13712953,14926,49892181,-10819,-36179228
2023/06/06,TX,投信,21,70131,307,1026815,-286,-956684,9367,31368589,13918,46614166,-4551,-15245577
2023/06/06,TX,外資,44852,149947725,43886,146723931,966,3223794,55164,184716880,32012,107206261,23152,77510619
2023/06/06,MTX,自營商,7060,5879839,6649,5543984,411,335854,17326,14451505,8013,6645515,9313,7805990
2023/06/06,TE,投信,19,60403,0,0,19,60403,154,490552,0,0,154,490552
2023/06/06,MTX,外資,70643,59015775,67677,56534275,2966,2481500,7124,5959532,14763,12360831,-7639,-6401299
2023/06/06,MTX,投信,0,0,0,0,0,0,83,69496,5,4187,78,65309
2023/06/06,TE,外資,752,2392093,790,2513163,-38,-121071,1073,3417898,791,2519651,282,898247
2023/06/06,NQF,投信,0,0,0,0,0,0,0,0,0,0,0,0
2023/06/06,NQF,自營商,231,168887,97,70790,134,98097,307,223972,154,112359,153,111613
2023/06/06,TE,自營商,211,671305,221,702477,-10,-31171,310,985954,397,1262396,-87,-276442
2023/06/07,TX,外資,44464,149551562,43615,146706974,849,2844589,57712,194909063,33712,113871277,24000,81037786
2023/06/07,TX,自營商,10119,34021243,8810,29621486,1309,4399757,4188,14096957,13579,45770703,-9391,-31673746
2023/06/06,NQF,外資,1509,1102593,1139,831854,370,270739,684,501716,59,43043,625,458673
2023/06/07,TX,投信,726,2451562,92,310830,634,2140732,9489,32050406,13406,45285468,-3917,-13235062
2023/06/07,TE,投信,0,0,2,6441,-2,-6441,152,489531,0,0,152,489531
2023/06/07,TE,自營商,307,985538,357,1146399,-50,-160861,297,954770,417,1340672,-120,-385902
2023/06/07,MTX,投信,0,0,0,0,0,0,83,70094,5,4223,78,65871
2023/06/07,MTX,外資,68999,57970139,63358,53218348,5641,4751791,10883,9184955,12609,10647903,-1726,-1462948
2023/06/07,MTX,自營商,9902,8291248,7693,6450162,2209,1841086,19092,16051082,7629,6377809,11463,9673273
2023/06/07,TE,外資,978,3139269,1155,3707629,-177,-568360,1073,3455666,968,3117541,105,338125
2023/06/07,NQF,自營商,45,32834,212,154489,-167,-121656,184,134182,198,144400,-14,-10218
2023/06/08,TX,自營商,9355,31421261,9307,31234072,48,187189,3908,13035429,13208,44061782,-9300,-31026353
2023/06/07,NQF,投信,0,0,0,0,0,0,0,0,0,0,0,0
2023/06/07,NQF,外資,888,647372,1008,734760,-120,-87389,618,453415,113,82405,505,371010
2023/06/08,TX,外資,52443,176305646,53979,181551942,-1536,-5246296,55798,186516822,33338,111449842,22460,75066980
2023/06/08,TE,投信,2,6367,0,0,2,6367,154,490090,0,0,154,490090
2023/06/08,TE,自營商,360,1152936,584,1868164,-224,-715228,188,597407,534,1697736,-346,-1100329
2023/06/08,MTX,自營商,9686,8132020,10669,8914793,-983,-782773,17215,14351243,6907,5705896,10308,8645347
2023/06/08,TE,外資,1139,3645494,1188,3801832,-49,-156338,1013,3223737,957,3045557,56,178180
2023/06/08,MTX,投信,0,0,0,0,0,0,83,69376,5,4179,78,65197
2023/06/08,MTX,外資,82088,69005184,96391,81051495,-14303,-12046311,4560,3808272,20573,17194654,-16013,-13386382
2023/06/08,TX,投信,107,355197,592,1978373,-485,-1623176,9330,31187128,13732,45911569,-4402,-14724441
2023/06/08,NQF,自營商,136,98639,529,382901,-393,-284261,0,0,407,290534,-407,-290534
2023/06/08,NQF,投信,0,0,0,0,0,0,0,0,0,0,0,0
2023/06/08,NQF,外資,2056,1488795,2722,1974608,-666,-485813,54,38887,215,154555,-161,-115668
2023/06/09,TX,自營商,7810,26258171,7906,26585174,-96,-327003,4230,14250043,13738,46296018,-9508,-32045975
2023/06/09,TX,外資,43725,147079419,45408,152739674,-1683,-5660255,54488,183978199,33711,113834661,20777,70143538
2023/06/09,TX,投信,327,1104222,284,957149,43,147073,9161,30931645,13520,45659744,-4359,-14728099
2023/06/09,TE,自營商,206,660475,221,707933,-15,-47458,139,447328,499,1607877,-360,-1160549
2023/06/09,TE,投信,0,0,9,29018,-9,-29018,145,467799,0,0,145,467799
2023/06/09,MTX,自營商,8259,6920430,7935,6663380,324,257050,18005,15147512,6925,5780484,11080,9367028
2023/06/09,TE,外資,783,2512817,788,2529814,-5,-16998,1013,3268102,962,3103604,51,164498
2023/06/09,MTX,投信,0,0,2,1688,-2,-1688,81,68388,5,4222,76,64166
2023/06/09,MTX,外資,71267,59880411,64723,54380225,6544,5500186,7426,6265125,16895,14263832,-9469,-7998707
2023/06/09,NQF,投信,0,0,0,0,0,0,0,0,0,0,0,0
2023/06/09,NQF,自營商,114,82054,57,41123,57,40930,0,0,350,254006,-350,-254006
2023/06/09,NQF,外資,1864,1344574,1429,1030710,435,313864,377,274333,103,75627,274,198706
2023/06/12,TX,投信,373,1263655,5,16940,368,1246715,9367,31732170,13358,45262247,-3991,-13530077
2023/06/12,TX,外資,47062,159366819,47191,159802170,-129,-435351,54094,183253285,33446,113308702,20648,69944583
2023/06/12,TE,投信,0,0,0,0,0,0,145,471830,0,0,145,471830
2023/06/12,TX,自營商,8900,30103003,8459,28616818,441,1486185,4543,15349382,13586,45932867,-9043,-30583485
2023/06/12,TE,自營商,300,974893,241,782324,59,192569,171,555288,481,1563188,-310,-1007900
2023/06/12,TE,外資,845,2745338,993,3226438,-148,-481100,967,3146580,1065,3465510,-98,-318930
2023/06/12,MTX,自營商,8683,7327501,6792,5729829,1891,1597672,19454,16423182,6579,5510071,12875,10913111
2023/06/12,MTX,投信,3,2541,0,0,3,2541,83,70309,4,3388,79,66921
2023/06/12,MTX,外資,76087,64380469,77523,65584731,-1436,-1204262,4491,3801465,15396,13040843,-10905,-9239378
2023/06/12,NQF,投信,0,0,0,0,0,0,0,0,0,0,0,0
2023/06/12,NQF,自營商,206,150280,120,87417,86,62863,0,0,264,192647,-264,-192647
2023/06/13,TX,外資,51619,176798539,52732,180665224,-1113,-3866685,56368,194057628,36833,126805990,19535,67251638
2023/06/13,TX,投信,710,2444591,176,603988,534,1840603,9361,32229447,12818,44139065,-3457,-11909618
2023/06/12,NQF,外資,1941,1416448,1614,1177350,327,239098,736,538218,135,99735,601,438483
2023/06/13,TE,自營商,346,1144406,218,721371,128,423035,255,848123,460,1530372,-205,-682249
2023/06/13,TX,自營商,11918,40825586,11465,39283333,453,1542253,5837,20047770,14531,49933914,-8694,-29886144
2023/06/13,TE,投信,0,0,0,0,0,0,145,483024,0,0,145,483024
2023/06/13,TE,外資,1118,3702750,1243,4117052,-125,-414302,906,3017946,1129,3760925,-223,-742979
2023/06/13,NQF,投信,0,0,0,0,0,0,0,0,0,0,0,0
2023/06/13,NQF,自營商,96,70369,116,85263,-20,-14894,0,0,284,211143,-284,-211143
2023/06/13,NQF,外資,1343,987610,1607,1182483,-264,-194873,431,321727,94,70726,337,251001
2023/06/13,MTX,自營商,11663,9963997,12117,10369309,-454,-405312,20020,17167369,7183,6120228,12837,11047141
2023/06/14,TX,外資,51585,177623940,55867,192365660,-4282,-14741721,52215,179551001,36962,127090674,15253,52460327
2023/06/14,TE,自營商,215,714635,200,664835,15,49799,242,803168,437,1450344,-195,-647176
2023/06/13,MTX,外資,76160,65120488,72485,62008713,3675,3111775,7946,6834217,15176,13064999,-7230,-6230782
2023/06/14,TX,自營商,10957,37695059,10716,36848152,241,846907,5646,19362928,14059,48233375,-8413,-28870447
2023/06/13,MTX,投信,11,9466,2,1722,9,7744,91,78342,3,2583,88,75759
2023/06/14,MTX,自營商,10472,8994812,11539,9884228,-1067,-889416,18419,15784820,6971,5915666,11448,9869154
2023/06/14,TE,投信,11,36538,0,0,11,36538,156,518138,0,0,156,518138
2023/06/14,TE,外資,713,2371417,783,2604304,-70,-232887,776,2577330,944,3135402,-168,-558072
2023/06/14,MTX,外資,78563,67608981,85317,73429392,-6754,-5820412,5165,4436618,18928,16276951,-13763,-11840333
2023/06/14,NQF,自營商,140,104203,94,69964,46,34239,0,0,238,177427,-238,-177427
2023/06/14,NQF,投信,0,0,0,0,0,0,0,0,0,0,0,0
2023/06/14,NQF,外資,1637,1222690,1825,1361977,-188,-139287,279,209731,130,98012,149,111719
2023/06/14,MTX,投信,3,2580,0,0,3,2580,94,80835,3,2580,91,78255
2023/06/15,TX,投信,164,567552,228,788538,-64,-220986,9714,33672622,12605,43703056,-2891,-10030434
2023/06/15,TX,外資,51288,177019072,48261,166576587,3027,10442485,53269,184617117,34989,121254791,18280,63362326
2023/06/15,TX,自營商,8283,28558599,8703,30011578,-420,-1452978,6190,21395539,15009,51900750,-8819,-30505211
2023/06/15,TE,外資,930,3105704,964,3219398,-34,-113694,767,2573436,969,3251071,-202,-677635
2023/06/15,TE,投信,0,0,16,53674,-16,-53674,140,469756,0,0,140,469756
2023/06/15,MTX,外資,82451,71088832,76963,66352218,5488,4736613,7215,6242827,15490,13426519,-8275,-7183692
2023/06/15,MTX,自營商,11996,10307132,9763,8393590,2233,1913541,21481,18546952,7856,6729862,13625,11817090
2023/06/15,MTX,投信,4,3468,0,0,4,3468,96,83213,1,867,95,82346
2023/06/15,TE,自營商,371,1237823,312,1040904,59,196919,297,995462,429,1438258,-132,-442796
2023/06/15,NQF,投信,0,0,0,0,0,0,0,0,0,0,0,0
2023/06/15,NQF,自營商,190,142241,119,89040,71,53202,12,9007,179,134559,-167,-125552
2023/06/15,NQF,外資,2403,1801595,1989,1493842,414,307753,925,696148,362,275173,563,420975
2023/06/16,TX,自營商,14059,48526388,14051,48311931,8,214457,6640,22883776,15306,52588841,-8666,-29705065
2023/06/16,TX,投信,487,1675403,253,867248,234,808155,9891,34147234,12548,43330930,-2657,-9183696
2023/06/16,TE,自營商,556,1849901,459,1528152,97,321749,286,950600,346,1152615,-60,-202015
2023/06/16,TX,外資,64871,223850891,67397,232782040,-2526,-8931150,54527,187902375,38763,133651106,15764,54251269
2023/06/16,TE,投信,3,10013,0,0,3,10013,143,477248,0,0,143,477248
2023/06/16,TE,外資,1098,3662325,1130,3767524,-32,-105199,700,2335890,934,3115039,-234,-779149
2023/06/16,MTX,投信,5,4317,7,5975,-2,-1658,100,86345,7,5973,93,80372
2023/06/16,MTX,外資,77824,67204245,82343,71125809,-4519,-3921563,6465,5559942,19259,16629019,-12794,-11069077
2023/06/16,MTX,自營商,10118,8714321,11873,10200484,-1755,-1486163,18815,16210771,7525,6420852,11290,9789919
2023/06/16,NQF,投信,0,0,0,0,0,0,0,0,0,0,0,0
2023/06/16,NQF,自營商,41,30757,18,13478,23,17279,0,0,21,16126,-21,-16126
2023/06/19,TX,自營商,11182,38460311,11206,38478637,-24,-18326,6548,22521171,15192,52075805,-8644,-29554634
2023/06/19,TX,投信,12885,44259040,11930,40873898,955,3385143,10864,37274237,12566,43061948,-1702,-5787711
2023/06/16,NQF,外資,2398,1819126,2300,1742689,98,76438,375,287963,100,76790,275,211173
2023/06/19,TX,外資,79792,274373781,78575,270327462,1217,4046318,57231,196455319,40250,138185810,16981,58269509
2023/06/19,TE,自營商,489,1626133,546,1812865,-57,-186732,198,656480,353,1172234,-155,-515754
2023/06/19,MTX,自營商,10575,9071305,10616,9105273,-41,-33969,20161,17352025,9096,7767127,11065,9584898
2023/06/19,TE,投信,108,356918,22,73348,86,283570,229,760849,0,0,229,760849
2023/06/19,TE,外資,1146,3812269,1203,3998693,-57,-186424,709,2361343,1000,3326040,-291,-964697
2023/06/19,MTX,外資,68831,59280671,66664,57413989,2167,1866682,8781,7547486,19408,16735742,-10627,-9188256
2023/06/19,MTX,投信,69,58850,33,28437,36,30413,136,116706,7,5971,129,110735
2023/06/19,NQF,自營商,23,17721,17,13068,6,4654,12,9175,27,20644,-15,-11469
2023/06/20,TX,自營商,15104,51782123,16042,54897383,-938,-3115260,7055,24169513,16559,56480982,-9504,-32311469
2023/06/19,NQF,投信,0,0,0,0,0,0,0,0,0,0,0,0
2023/06/19,NQF,外資,1525,1171730,1859,1426069,-334,-254339,386,295136,357,272962,29,22174
2023/06/20,TX,外資,78884,270283094,80793,276915215,-1909,-6632121,59108,201659393,44036,150220027,15072,51439366
2023/06/20,TE,投信,57,187455,101,334695,-44,-147240,185,609691,0,0,185,609691
2023/06/20,TE,自營商,503,1663772,501,1654310,2,9461,181,596985,383,1263711,-202,-666726
2023/06/20,TE,外資,1451,4794318,1435,4744128,16,50190,616,2035345,891,2944528,-275,-909183
2023/06/20,MTX,自營商,11726,10024357,11466,9783293,260,241064,21274,18249699,10261,8733041,11013,9516658
2023/06/20,MTX,外資,62109,53279393,64773,55567785,-2664,-2288392,6981,5968973,20272,17409414,-13291,-11440441
2023/06/20,MTX,投信,52,44207,55,47247,-3,-3040,133,113280,7,5954,126,107326
2023/06/20,NQF,自營商,0,0,97,74067,-97,-74067,0,0,112,85288,-112,-85288
2023/06/20,NQF,外資,289,220582,436,332577,-147,-111994,389,296232,507,386081,-118,-89849
2023/06/20,NQF,投信,0,0,0,0,0,0,0,0,0,0,0,0
2023/06/20,TX,投信,10124,34582593,10167,34752490,-43,-169897,11004,37440293,12749,43383357,-1745,-5943064
2023/06/21,TX,投信,280,957583,308,1046930,-28,-89348,10875,36981525,12641,42986985,-1766,-6005460
2023/06/21,TX,外資,51861,177031457,51855,177145708,6,-114252,45277,153968205,30871,104979876,14406,48988329
2023/06/21,TX,自營商,11524,39454955,11622,39755577,-98,-300622,2563,8705670,13923,47339209,-11360,-38633539
2023/06/21,TE,自營商,546,1800693,532,1756557,14,44137,229,752494,303,995658,-74,-243164
2023/06/21,TE,外資,1110,3653555,1125,3698214,-15,-44659,304,998944,576,1892736,-272,-893792
2023/06/21,TE,投信,92,302109,34,112462,58,189647,243,798498,0,0,243,798498
2023/06/21,MTX,自營商,10467,8937477,12279,10490606,-1812,-1553128,6954,5919277,12353,10502055,-5399,-4582778
2023/06/21,MTX,投信,17,14431,17,14586,0,-154,133,113070,7,5951,126,107119
2023/06/21,MTX,外資,58110,49675765,59776,51110365,-1666,-1434600,4466,3796727,1848,1572553,2618,2224174
2023/06/21,NQF,投信,0,0,0,0,0,0,0,0,0,0,0,0
2023/06/21,NQF,自營商,54,41199,39,29671,15,11527,0,0,97,73943,-97,-73943
2023/06/21,NQF,外資,1770,1347911,1386,1054201,384,293710,386,294424,120,91476,266,202948
2023/06/26,TX,投信,558,1883409,326,1100203,232,783206,11324,38229824,12858,43408608,-1534,-5178784
2023/06/26,TX,自營商,5626,19010869,6401,21630906,-775,-2620037,2868,9674793,14959,50494488,-12091,-40819695
2023/06/26,TE,自營商,137,446472,216,703790,-79,-257318,185,602508,347,1130110,-162,-527602
2023/06/26,TE,外資,901,2933872,940,3061377,-39,-127505,291,947729,602,1960594,-311,-1012865
2023/06/26,MTX,自營商,5928,5009422,6806,5750670,-878,-741248,6877,5812988,13330,11251413,-6453,-5438425
2023/06/26,TX,外資,44597,150777298,46317,156585986,-1720,-5808688,46238,156098529,33543,113241108,12695,42857421
2023/06/26,MTX,投信,17,14347,0,0,17,14347,150,126600,7,5908,143,120692
2023/06/26,MTX,外資,62017,52430241,65755,55590269,-3738,-3160029,3874,3269607,5030,4246500,-1156,-976893
2023/06/26,TE,投信,56,182259,8,26048,48,156211,291,947729,0,0,291,947729
2023/06/26,NQF,自營商,32,24116,130,98069,-98,-73953,0,0,195,147147,-195,-147147
2023/06/27,TX,自營商,9116,30599389,9330,31321253,-214,-721864,3274,10955635,15459,51755640,-12185,-40800005
2023/06/26,NQF,投信,0,0,0,0,0,0,0,0,0,0,0,0
2023/06/27,TX,投信,297,995481,340,1138345,-43,-142865,11379,38101444,12956,43381870,-1577,-5280426
2023/06/27,TE,自營商,215,695540,212,685053,3,10486,198,637448,357,1149450,-159,-512002
2023/06/27,MTX,自營商,8667,7281586,8513,7153487,154,128099,5446,4564765,12225,10230436,-6779,-5665671
2023/06/27,TE,投信,3,9662,0,0,3,9662,294,946621,0,0,294,946621
2023/06/27,MTX,投信,0,0,3,2511,-3,-2511,150,125565,10,8371,140,117194
2023/06/27,TE,外資,732,2364638,770,2488343,-38,-123705,284,914423,633,2038133,-349,-1123710
2023/06/27,MTX,外資,77372,64984539,82140,68975468,-4768,-3990929,3432,2872882,3372,2823346,60,49536
2023/06/27,TX,外資,53486,179650976,54506,183044453,-1020,-3393477,43712,146364175,33533,112281816,10179,34082359
2023/06/26,NQF,外資,1260,952198,1498,1132184,-238,-179986,272,205480,244,184122,28,21358
2023/06/27,NQF,自營商,89,66959,184,138141,-95,-71182,0,0,290,216036,-290,-216036
2023/06/27,NQF,外資,1394,1047362,1999,1498888,-605,-451525,102,76233,679,505821,-577,-429588
2023/06/27,NQF,投信,0,0,0,0,0,0,0,0,0,0,0,0
2023/06/28,TX,自營商,8901,29850782,8477,28421737,424,1429045,3292,11037785,15065,50535472,-11773,-39497687
2023/06/28,TX,投信,912,3059110,49,164152,863,2894958,12055,40444525,12769,42839995,-714,-2395470
2023/06/28,TX,外資,44047,147694603,46311,155293885,-2264,-7599282,42805,143609440,34903,117099506,7902,26509934
2023/06/28,MTX,自營商,7264,6092614,6328,5306510,936,786104,5430,4552402,11581,9705647,-6151,-5153245
2023/06/28,TE,自營商,280,903770,187,603242,93,300528,268,865520,319,1030322,-51,-164802
2023/06/28,TE,投信,5,16154,5,16134,0,20,294,949620,0,0,294,949620
2023/06/28,MTX,投信,15,12576,6,5033,9,7543,160,134200,11,9226,149,124974
2023/06/28,MTX,外資,68422,57359195,67721,56776950,701,582245,4068,3411967,2930,2457114,1138,954853
2023/06/28,NQF,自營商,62,46383,77,57508,-15,-11126,0,0,305,229802,-305,-229802
2023/06/28,NQF,投信,0,0,0,0,0,0,0,0,0,0,0,0
2023/06/28,NQF,外資,1740,1305561,941,705356,799,600205,368,277904,146,110004,222,167900
2023/06/29,TX,自營商,10350,34827619,9141,30759978,1209,4067642,4045,13552666,14636,49056036,-10591,-35503370
2023/06/29,TX,投信,1401,4698492,121,405688,1280,4292804,13341,44724368,12775,42826910,566,1897458
2023/06/29,TX,外資,63495,213587384,69204,232839842,-5709,-19252458,39622,132826887,37430,125480279,2192,7346608
2023/06/29,TE,投信,48,155215,0,0,48,155215,342,1106165,0,0,342,1106165
2023/06/29,TE,外資,1194,3873744,1231,3995767,-37,-122024,294,950914,760,2458144,-466,-1507230
2023/06/29,MTX,投信,3,2514,0,0,3,2514,163,136610,11,9219,152,127391
2023/06/29,TE,自營商,308,999561,332,1075204,-24,-75643,241,779350,345,1115788,-104,-336438
2023/06/29,MTX,自營商,12448,10473878,10628,8937062,1820,1536816,6879,5764054,11102,9296123,-4223,-3532069
2023/06/28,TE,外資,684,2207430,764,2466539,-80,-259109,320,1033600,749,2419270,-429,-1385670
2023/06/29,MTX,外資,98388,82744453,105242,88513564,-6854,-5769111,2195,1839487,7907,6625985,-5712,-4786498
2023/06/29,NQF,自營商,153,115942,171,129201,-18,-13259,0,0,323,244543,-323,-244543
2023/06/30,TX,自營商,6517,21827334,6079,20355093,438,1472241,4161,13962239,14295,47982824,-10134,-34020585
2023/06/30,TX,外資,49567,165948598,49132,164521907,435,1426691,38218,128310226,35585,119473043,2633,8837183
2023/06/29,NQF,外資,1916,1449409,1725,1303547,191,145863,477,361987,64,48454,413,313533
2023/06/30,TX,投信,16,53643,64,214769,-48,-161127,13290,44619846,12772,42880713,518,1739133
2023/06/30,TE,自營商,281,907643,270,871380,11,36263,230,745958,331,1073656,-101,-327698
2023/06/29,NQF,投信,0,0,0,0,0,0,0,0,0,0,0,0
2023/06/30,TE,投信,1,3242,6,19381,-5,-16139,337,1093228,0,0,337,1093228
2023/06/30,MTX,外資,82894,69374769,78246,65486884,4648,3887885,3166,2657347,4254,3569753,-1088,-912406
2023/06/30,TE,外資,772,2492336,773,2495763,-1,-3427,279,905076,746,2420020,-467,-1514944
2023/06/30,MTX,自營商,8195,6858735,6684,5593129,1511,1265606,7343,6162613,10131,8495597,-2788,-2332984
2023/06/30,MTX,投信,23,19302,0,0,23,19302,186,156119,11,9233,175,146886
2023/06/30,NQF,自營商,71,53791,74,55798,-3,-2007,0,0,326,246766,-326,-246766
2023/06/30,NQF,投信,0,0,0,0,0,0,0,0,0,0,0,0
2023/06/30,NQF,外資,1436,1085370,1692,1278634,-256,-193264,342,259247,185,140036,157,119211
2023/07/03,TX,自營商,8981,30453944,8186,27766553,795,2687391,5159,17565848,14526,49479363,-9367,-31913515
2023/07/03,TX,投信,1930,6573429,0,0,1930,6573429,14639,49875073,12191,41534737,2448,8340336
2023/07/03,TE,自營商,325,1066999,242,794480,83,272519,286,943593,331,1092204,-45,-148611
2023/07/03,TX,外資,46630,158099367,45792,155274512,838,2824855,40290,137265078,36823,125455896,3467,11809182
2023/07/03,TE,外資,953,3128284,1014,3329060,-61,-200777,301,993360,829,2735860,-528,-1742500
2023/07/03,MTX,投信,14,11902,0,0,14,11902,199,169498,10,8518,189,160980
2023/07/03,MTX,外資,69879,59193320,65567,55535249,4312,3658071,6035,5140225,2795,2380038,3240,2760187
2023/07/03,TE,投信,36,118712,0,0,36,118712,373,1230975,0,0,373,1230975
2023/07/03,NQF,自營商,62,47470,62,47461,0,9,0,0,326,250466,-326,-250466
2023/07/03,MTX,自營商,10015,8479622,7998,6772218,2017,1707404,9926,8450810,10585,9008941,-659,-558131
2023/07/03,NQF,投信,0,0,0,0,0,0,0,0,0,0,0,0
2023/07/04,TX,投信,747,2555027,5,17044,742,2537983,15276,52253086,12086,41341372,3190,10911714
2023/07/04,TX,自營商,7268,24778510,7253,24731289,15,47221,5357,18313600,14699,50268593,-9342,-31954993
2023/07/04,TX,外資,39377,134252937,37728,128620971,1649,5631966,40757,139410131,35645,121927248,5112,17482883
2023/07/04,TE,自營商,440,1457483,423,1398945,17,58538,296,985142,338,1125017,-42,-139875
2023/07/04,TE,外資,973,3220263,1025,3394004,-52,-173740,274,912091,852,2836135,-578,-1924044
2023/07/03,NQF,外資,1338,1023010,1249,955725,89,67285,329,253016,83,63769,246,189247
2023/07/04,MTX,自營商,8695,7409473,7028,5987079,1667,1422394,11427,9767692,10459,8937538,968,830154
2023/07/04,TE,投信,12,39872,0,0,12,39872,385,1281588,0,0,385,1281588
2023/07/04,MTX,外資,59920,51063982,60374,51440374,-454,-376392,5357,4580971,2555,2184391,2802,2396580
2023/07/04,MTX,投信,14,11972,0,0,14,11972,211,180437,8,6841,203,173596
2023/07/04,NQF,自營商,6,4614,11,8439,-5,-3824,0,0,331,254125,-331,-254125
2023/07/04,NQF,投信,0,0,0,0,0,0,0,0,0,0,0,0
2023/07/04,NQF,外資,550,422434,734,563399,-184,-140965,241,185330,179,137427,62,47903
2023/07/05,TX,自營商,7014,23920787,7088,24159845,-74,-239058,5189,17637272,14591,49609891,-9402,-31972619
2023/07/05,TX,投信,101,343610,140,476264,-39,-132655,15347,52195147,12196,41478596,3151,10716551
2023/07/05,TX,外資,31823,108506104,36543,124606975,-4720,-16100871,37880,128824760,37491,127506868,389,1317892
2023/07/05,TE,自營商,249,825242,334,1106492,-85,-281251,200,661008,325,1074404,-125,-413396
2023/07/05,MTX,自營商,8180,6973186,7635,6500800,545,472386,10308,8761955,9015,7655798,1293,1106157
2023/07/05,TE,外資,658,2180296,602,1995171,56,185125,279,922486,803,2655036,-524,-1732550
2023/07/05,MTX,投信,25,21279,2,1701,23,19579,236,200659,10,8503,226,192156
2023/07/05,MTX,外資,44828,38213087,54573,46528795,-9745,-8315707,1665,1415618,8340,7089795,-6675,-5674177
2023/07/05,NQF,自營商,2,1534,0,0,2,1534,0,0,329,252327,-329,-252327
2023/07/05,TE,投信,2,6615,0,0,2,6615,387,1279577,0,0,387,1279577
2023/07/06,TX,自營商,11380,38256191,10886,36598773,494,1657417,5503,18359624,14341,47848812,-8838,-29489188
2023/07/05,NQF,外資,156,119768,120,92112,36,27656,246,189034,148,113509,98,75525
2023/07/05,NQF,投信,0,0,0,0,0,0,0,0,0,0,0,0
2023/07/06,TX,外資,60474,203465416,60992,205202765,-518,-1737349,34953,116660686,36691,122465985,-1738,-5805299
2023/07/06,TX,投信,230,767852,542,1809968,-312,-1042117,15534,51849385,12695,42373371,2839,9476014
2023/07/06,TE,自營商,457,1492393,495,1615499,-38,-123107,259,839548,450,1458754,-191,-619206
2023/07/06,MTX,投信,0,0,19,15901,-19,-15901,219,182745,12,10013,207,172732
2023/07/06,MTX,自營商,14074,11832652,13987,11757514,87,75138,10834,9040139,9734,8107969,1100,932170
2023/07/06,TE,投信,1,3248,0,0,1,3248,388,1257818,0,0,388,1257818
2023/07/06,MTX,外資,89826,75594481,96772,81422653,-6946,-5828172,1696,1415319,8881,7409421,-7185,-5994102
2023/07/06,TE,外資,1099,3587436,1130,3689723,-31,-102288,259,839626,816,2645308,-557,-1805682
2023/07/06,NQF,外資,1501,1152058,1177,903540,324,248519,500,382935,78,59588,422,323347
2023/07/06,NQF,投信,0,0,0,0,0,0,0,0,0,0,0,0
2023/07/07,TX,自營商,11056,36720143,9455,31413387,1601,5306756,5514,18320940,12724,42282529,-7210,-23961589
2023/07/07,TX,投信,181,601869,189,628157,-8,-26289,15653,52043094,12822,42630586,2831,9412508
2023/07/07,TE,投信,0,0,8,25867,-8,-25867,380,1225500,0,0,380,1225500
2023/07/07,TE,自營商,393,1268842,334,1078476,59,190366,308,993027,434,1399449,-126,-406422
2023/07/07,TE,外資,1206,3894987,1326,4283160,-120,-388173,237,764325,915,2950872,-678,-2186547
2023/07/07,TX,外資,62527,207772756,61039,202805032,1488,4967724,34854,115875523,35098,116691063,-244,-815540
2023/07/06,NQF,自營商,167,128234,47,36081,120,92153,0,0,209,159666,-209,-159666
2023/07/07,MTX,自營商,11567,9602312,9805,8141314,1762,1460998,12179,10122990,9425,7818400,2754,2304590
2023/07/07,MTX,投信,1,831,2,1663,-1,-831,220,182864,14,11637,206,171227
2023/07/07,MTX,外資,97629,81090832,94947,78855296,2682,2235536,1610,1338247,6137,5099738,-4527,-3761491
2023/07/07,NQF,投信,0,0,0,0,0,0,0,0,0,0,0,0
2023/07/07,NQF,自營商,129,98080,80,60800,49,37280,7,5328,167,127112,-160,-121784
2023/07/07,NQF,外資,1523,1158442,1397,1062295,126,96147,558,425470,10,7612,548,417858
2023/07/10,TE,自營商,259,838016,289,933667,-30,-95651,305,978119,491,1574924,-186,-596805
2023/07/10,TX,外資,66613,221851298,64150,213600388,2463,8250910,34632,114645164,32413,107301444,2219,7343720
2023/07/10,TX,投信,339,1122393,104,344825,235,777568,15976,52890146,12910,42739846,3066,10150300
2023/07/10,TE,投信,21,67386,0,0,21,67386,401,1286488,0,0,401,1286488
2023/07/10,MTX,自營商,12350,10273495,13160,10945269,-810,-671774,11397,9432236,9537,7875563,1860,1556673
2023/07/10,TX,自營商,11274,37531877,11663,38829785,-389,-1297909,5359,17727540,12937,42802743,-7578,-25075203
2023/07/10,TE,外資,992,3207587,988,3195066,4,12521,236,757135,909,2916250,-673,-2159115
2023/07/10,MTX,外資,104400,86928744,101210,84248765,3190,2679979,2621,2169307,3958,3274231,-1337,-1104924
2023/07/10,MTX,投信,19,15757,0,0,19,15757,239,197808,14,11587,225,186221
2023/07/10,NQF,自營商,88,67214,46,35057,42,32157,12,9050,130,98046,-118,-88996
2023/07/10,NQF,投信,0,0,0,0,0,0,0,0,0,0,0,0
2023/07/10,NQF,外資,1496,1140091,1633,1243753,-137,-103662,486,367484,75,56565,411,310919
2023/07/11,TX,自營商,11429,38334187,11704,39234169,-275,-899981,4982,16784943,12881,43410345,-7899,-26625402
2023/07/11,TX,外資,53522,179310557,51534,172770204,1988,6540353,37285,125742900,33081,111580720,4204,14162180
2023/07/11,TE,自營商,346,1127492,401,1309656,-55,-182164,309,1016185,523,1720465,-214,-704280
2023/07/11,TX,投信,710,2390318,76,256361,634,2133957,16181,54581749,12481,42100909,3700,12480840
2023/07/11,TE,外資,1160,3784429,1222,3989647,-62,-205218,249,819310,982,3231167,-733,-2411857
2023/07/11,TE,投信,28,91983,0,0,28,91983,429,1411582,0,0,429,1411582
2023/07/11,MTX,自營商,16296,13653091,14382,12063497,1914,1589594,13289,11197655,9331,7851490,3958,3346165
2023/07/11,MTX,投信,23,19392,0,0,23,19392,261,220101,13,10963,248,209138
2023/07/11,MTX,外資,85523,71603670,77208,64657919,8315,6945752,10149,8558756,3159,2662681,6990,5896075
2023/07/11,NQF,外資,1402,1062334,1603,1215339,-201,-153005,398,302665,188,142936,210,159729
2023/07/11,NQF,投信,0,0,0,0,0,0,0,0,0,0,0,0
2023/07/11,NQF,自營商,170,128848,115,86983,55,41865,14,10644,77,58543,-63,-47899
2023/07/12,TX,自營商,12625,42614405,11516,38865444,1109,3748961,5936,20066367,12735,43056149,-6799,-22989782
2023/07/12,TX,投信,591,1999945,34,115083,557,1884863,16631,56285956,12374,41878566,4257,14407390
2023/07/12,TE,自營商,292,961404,299,984136,-7,-22732,325,1074330,563,1861558,-238,-787228
2023/07/12,TX,外資,50148,169258361,54193,182929113,-4045,-13670752,34858,117944509,34705,117441961,153,502548
2023/07/12,TE,投信,8,26449,0,0,8,26449,437,1445246,0,0,437,1445246
2023/07/12,TE,外資,1057,3480044,1260,4149122,-203,-669078,250,826800,1181,3905793,-931,-3078993
2023/07/12,MTX,投信,21,17759,0,0,21,17759,282,238600,13,10999,269,227601
2023/07/12,MTX,自營商,13042,11000676,12229,10310233,813,690443,13843,11702538,9056,7641250,4787,4061288
2023/07/12,MTX,外資,80802,68171259,84081,70933062,-3279,-2761803,7143,6043621,3443,2911103,3700,3132518
2023/07/12,NQF,自營商,20,15215,105,79634,-85,-64419,14,10697,162,123784,-148,-113087
2023/07/12,NQF,投信,0,0,0,0,0,0,0,0,0,0,0,0
2023/07/12,NQF,外資,1459,1109226,1472,1118750,-13,-9525,197,150609,0,0,197,150609
2023/07/13,TX,外資,73772,252634651,73477,251622201,295,1012450,36509,124728301,36061,123211205,448,1517096
2023/07/13,TX,投信,724,2474631,22,75171,702,2399460,17065,58314518,12106,41368623,4959,16945895
2023/07/13,TX,自營商,14045,48064250,14826,50761363,-781,-2697113,5230,17845622,12987,44335400,-7757,-26489778
2023/07/13,TE,投信,10,33779,0,0,10,33779,447,1499685,0,0,447,1499685
2023/07/13,MTX,自營商,17264,14740977,17298,14787504,-34,-46527,15577,13292153,10116,8623896,5461,4668257
2023/07/13,TE,外資,1606,5416548,1525,5142500,81,274048,331,1110372,1028,3448899,-697,-2338527
2023/07/13,MTX,投信,1,854,10,8536,-9,-7682,272,232370,12,10252,260,222118
2023/07/13,MTX,外資,111546,95402375,105671,90384520,5875,5017855,11294,9647087,1719,1466918,9575,8180169
2023/07/13,TE,自營商,492,1657566,411,1384468,81,273098,362,1213930,469,1572996,-107,-359066
2023/07/13,NQF,外資,1611,1243469,1696,1308861,-85,-65392,245,189949,133,103124,112,86825
2023/07/13,NQF,投信,0,0,0,0,0,0,0,0,0,0,0,0
2023/07/13,NQF,自營商,157,120942,110,84849,47,36093,0,0,101,78305,-101,-78305
2023/07/14,TX,投信,889,3068928,496,1713302,393,1355625,17134,59248909,11782,40743968,5352,18504941
2023/07/14,TX,外資,59942,206347151,60689,208936523,-747,-2589372,39554,136692387,38469,132960611,1085,3731776
2023/07/14,TX,自營商,11283,38833578,11847,40768522,-564,-1934944,5161,17823869,13385,46236882,-8224,-28413013
2023/07/14,TE,投信,0,0,3,10194,-3,-10194,444,1508801,0,0,444,1508801
2023/07/14,TE,自營商,375,1269199,332,1122376,43,146823,362,1229640,427,1450585,-65,-220945
2023/07/14,TE,外資,926,3130490,838,2834785,88,295705,361,1226501,971,3299580,-610,-2073079
2023/07/14,MTX,外資,82262,70757368,76810,66062743,5452,4694625,11020,9524688,1529,1319730,9491,8204958
2023/07/14,MTX,投信,27,23342,18,15512,9,7830,282,243803,13,11195,269,232608
2023/07/14,MTX,自營商,12721,10934312,16226,13955201,-3505,-3020889,13381,11548372,11813,10192080,1568,1356292
2023/07/14,NQF,投信,0,0,0,0,0,0,0,0,0,0,0,0
2023/07/14,NQF,外資,1237,966565,1161,907842,76,58723,296,233072,108,84872,188,148200
2023/07/17,TX,外資,84911,293430931,83567,288841230,1344,4589702,40262,138962637,37833,130636280,2429,8326357
2023/07/17,TX,自營商,17758,61373669,16575,57243584,1183,4130085,6479,22379933,13523,46669652,-7044,-24289719
2023/07/17,TX,投信,14119,48785149,18137,62668135,-4018,-13882986,13117,45272260,11783,40659159,1334,4613101
2023/07/14,NQF,自營商,95,74234,74,57675,21,16558,0,0,80,62868,-80,-62868
2023/07/17,TE,外資,1142,3878337,1111,3774262,31,104075,352,1193771,928,3147092,-576,-1953321
2023/07/17,TE,投信,115,390274,133,451639,-18,-61365,426,1444697,0,0,426,1444697
2023/07/17,MTX,自營商,14515,12533725,14743,12729248,-228,-195523,14462,12480774,13110,11311049,1352,1169725
2023/07/17,MTX,投信,71,61236,76,65730,-5,-4494,277,239249,13,11200,264,228049
2023/07/17,TE,自營商,527,1790475,518,1759060,9,31415,401,1359925,466,1580379,-65,-220454
2023/07/17,MTX,外資,77375,66880964,81481,70431707,-4106,-3550743,9500,8208663,4115,3553619,5385,4655044
2023/07/17,NQF,自營商,55,43479,113,88970,-58,-45491,0,0,138,108268,-138,-108268
2023/07/17,NQF,投信,0,0,0,0,0,0,0,0,0,0,0,0
2023/07/18,TX,自營商,22910,79038764,23259,80198209,-349,-1159445,6505,22376214,13960,47973030,-7455,-25596816
2023/07/17,NQF,外資,1325,1045105,1225,964641,100,80464,359,282837,71,55703,288,227134
2023/07/18,TX,投信,10013,34474532,10231,35233433,-218,-758901,12969,44540546,11853,40704512,1116,3836034
2023/07/18,TE,外資,1536,5212652,1368,4642363,168,570290,357,1208632,766,2592323,-409,-1383691
2023/07/18,TX,外資,89825,309934229,89419,308543128,406,1391101,34743,119345633,31908,109666885,2835,9678748
2023/07/18,MTX,自營商,22767,19621313,23643,20362721,-876,-741408,10680,9189300,9956,8551368,724,637932
2023/07/18,TE,投信,164,555455,168,568626,-4,-13171,422,1428575,0,0,422,1428575
2023/07/18,MTX,投信,205,176022,204,175689,1,333,278,238688,13,11161,265,227527
2023/07/18,TE,自營商,606,2057217,704,2389553,-98,-332336,228,771497,525,1777214,-297,-1005717
2023/07/18,MTX,外資,88050,76002908,89334,77119604,-1284,-1116697,7788,6700761,3687,3172396,4101,3528365
2023/07/19,TX,自營商,19870,68291911,18498,63561542,1372,4730369,2508,8560114,10878,37157480,-8370,-28597366
2023/07/18,NQF,投信,0,0,0,0,0,0,0,0,0,0,0,0
2023/07/18,NQF,外資,1101,868004,832,656292,269,211711,559,443462,2,1583,557,441879
2023/07/18,NQF,自營商,55,43394,58,45643,-3,-2249,0,0,141,111573,-141,-111573
2023/07/19,TX,外資,66367,228095344,70280,241561049,-3913,-13465705,31962,109188174,28832,98494113,3130,10694061
2023/07/19,TX,投信,840,2873724,934,3196998,-94,-323274,12989,44371672,11967,40881665,1022,3490007
2023/07/19,TE,投信,143,485250,143,485295,0,-45,422,1421887,0,0,422,1421887
2023/07/19,TE,外資,1147,3881919,1293,4376788,-146,-494869,256,862566,485,1634159,-229,-771593
2023/07/19,MTX,自營商,17346,14898830,19071,16377524,-1725,-1478694,2036,1738399,9357,7987179,-7321,-6248780
2023/07/19,MTX,投信,10,8592,13,11184,-3,-2593,278,237426,16,13665,262,223761
2023/07/19,MTX,外資,92264,79339701,99933,85931232,-7669,-6591531,3592,3067741,2246,1918428,1346,1149313
2023/07/19,TE,自營商,573,1938879,498,1684979,75,253899,74,249332,320,1078208,-246,-828876
2023/07/19,NQF,自營商,103,81807,78,61799,25,20008,0,0,116,92585,-116,-92585
2023/07/19,NQF,投信,0,0,0,0,0,0,0,0,0,0,0,0
2023/07/20,TX,自營商,7433,25411314,7817,26721168,-384,-1309854,2823,9661386,11511,39422426,-8688,-29761040
2023/07/20,TX,外資,57618,197001670,55276,188991495,2342,8010175,35567,121823066,30095,103079418,5472,18743648
2023/07/19,NQF,外資,1254,995323,1256,996966,-2,-1643,557,445486,2,1596,555,443890
2023/07/20,TX,投信,52,178095,452,1547242,-400,-1369146,12684,43443437,12062,41314762,622,2128675
2023/07/20,TE,自營商,263,885542,240,807590,23,77951,100,336600,357,1201662,-257,-865062
2023/07/20,MTX,自營商,8137,6953514,7749,6621426,388,332088,2704,2314531,9901,8473404,-7197,-6158873
2023/07/20,TE,投信,0,0,37,124519,-37,-124519,385,1295910,0,0,385,1295910
2023/07/20,TE,外資,798,2685763,842,2834212,-44,-148450,292,982872,565,1901790,-273,-918918
2023/07/20,MTX,外資,87318,74635310,82949,70887640,4369,3747671,7808,6686046,2093,1792294,5715,4893752
2023/07/20,MTX,投信,32,27411,17,14556,15,12856,293,250896,16,13701,277,237195
2023/07/20,NQF,投信,0,0,0,0,0,0,0,0,0,0,0,0
2023/07/20,NQF,自營商,302,241653,66,52737,236,188915,149,118440,29,23052,120,95388
2023/07/20,NQF,外資,1261,1008315,1344,1074038,-83,-65723,535,426188,63,50079,472,376109
2023/07/21,TX,投信,178,604160,291,986048,-113,-381888,12724,43124551,12215,41401521,509,1723030
2023/07/21,TX,自營商,11355,38420964,9875,33417907,1480,5003057,3672,12437951,10885,36886347,-7213,-24448396
2023/07/21,TX,外資,71116,240698733,76061,257390698,-4945,-16691965,34314,116302452,33779,114488583,535,1813869
2023/07/21,TE,自營商,350,1157988,404,1337307,-54,-179319,78,259126,369,1225881,-291,-966755
2023/07/21,MTX,投信,0,0,34,28809,-34,-28809,262,222006,19,16100,243,205906
2023/07/21,TE,外資,1170,3866961,1172,3873945,-2,-6984,263,873739,536,1780699,-273,-906960
2023/07/21,MTX,外資,109106,92309544,115775,97947670,-6669,-5638126,3923,3324245,4909,4159441,-986,-835196
2023/07/21,TE,投信,0,0,9,29898,-9,-29898,376,1249147,0,0,376,1249147
2023/07/21,MTX,自營商,12414,10500752,11191,9466387,1223,1034365,3240,2744842,9194,7783342,-5954,-5038500
2023/07/21,NQF,自營商,42,33136,263,206792,-221,-173656,0,0,101,78795,-101,-78795
2023/07/21,NQF,投信,0,0,0,0,0,0,0,0,0,0,0,0
2023/07/24,TX,自營商,8882,30101609,9194,31158847,-312,-1057238,3255,11045845,10745,36479332,-7490,-25433487
2023/07/21,NQF,外資,1569,1236831,2281,1794809,-712,-557977,164,127945,404,315181,-240,-187236
2023/07/24,TX,投信,115,390496,145,492360,-30,-101864,12692,43097244,12213,41472905,479,1624339
2023/07/24,TX,外資,60925,206517679,57180,193807706,3745,12709973,36001,122250669,31721,107716063,4280,14534606
2023/07/24,TE,投信,50,166687,0,0,50,166687,426,1426248,0,0,426,1426248
2023/07/24,TE,外資,1077,3592311,1123,3745535,-46,-153224,278,930744,597,1998756,-319,-1068012
2023/07/24,TE,自營商,250,834136,277,923733,-27,-89596,119,398379,407,1362577,-288,-964198
2023/07/24,MTX,自營商,9135,7740052,9174,7772044,-39,-31992,2731,2317308,8864,7517732,-6133,-5200424
2023/07/24,MTX,投信,5,4232,0,0,5,4232,267,226670,19,16130,248,210540
2023/07/24,MTX,外資,92915,78723746,91137,77208888,1778,1514858,5022,4263570,4230,3590885,792,672685
2023/07/24,NQF,外資,1526,1192762,1688,1318148,-162,-125385,2,1574,404,314272,-402,-312698
2023/07/24,NQF,投信,0,0,0,0,0,0,0,0,0,0,0,0
2023/07/24,NQF,自營商,133,104090,259,202462,-126,-98371,0,0,227,176583,-227,-176583
2023/07/25,TX,自營商,10180,34858887,9487,32485787,693,2373100,4187,14377804,11058,37990879,-6871,-23613075
2023/07/25,TX,投信,652,2240245,52,178668,600,2061577,12756,43832093,11677,40126843,1079,3705250
2023/07/25,TX,外資,54406,186245895,53726,183927711,680,2318184,38101,130928476,33168,113976113,4933,16952363
2023/07/25,TE,自營商,245,828350,212,717040,33,111310,150,508165,380,1287408,-230,-779243
2023/07/25,TE,投信,0,0,2,6777,-2,-6777,424,1436597,0,0,424,1436597
2023/07/25,TE,外資,1037,3507929,987,3338702,50,169227,284,962249,553,1873675,-269,-911426
2023/07/25,MTX,自營商,10325,8835544,10308,8818844,17,16700,2506,2151000,8326,7145645,-5820,-4994645
2023/07/25,MTX,投信,1,859,0,0,1,859,267,229380,18,15464,249,213916
2023/07/25,MTX,外資,83158,71152495,80332,68719939,2826,2432555,7284,6257858,3558,3056592,3726,3201266
2023/07/25,NQF,自營商,48,37372,168,130734,-120,-93362,9,7005,356,277075,-347,-270070
2023/07/25,NQF,投信,0,0,0,0,0,0,0,0,0,0,0,0
2023/07/25,NQF,外資,1294,1007435,1434,1116276,-140,-108841,4,3113,546,425094,-542,-421981
2023/07/26,TX,投信,2,6842,413,1412536,-411,-1405693,12454,42590355,11786,40308120,668,2282235
2023/07/26,TE,自營商,194,653929,262,882985,-68,-229056,90,302034,412,1382780,-322,-1080746
2023/07/26,TX,自營商,10247,35159736,9619,33000849,628,2158887,4185,14303310,10497,35890899,-6312,-21587589
2023/07/26,TX,外資,49696,170561399,53010,181955515,-3314,-11394115,35531,121514403,33912,115976873,1619,5537530
2023/07/26,TE,外資,1004,3383553,1089,3669984,-85,-286430,297,996851,651,2185016,-354,-1188165
2023/07/26,MTX,投信,1,855,21,17974,-20,-17119,247,211185,18,15390,229,195795
2023/07/26,TE,投信,0,0,0,0,0,0,424,1423114,0,0,424,1423114
2023/07/26,MTX,自營商,10412,8932163,9163,7854456,1249,1077707,3242,2769903,7500,6402582,-4258,-3632679
2023/07/26,MTX,外資,73957,63471765,81408,69865391,-7451,-6393627,2361,2018658,6106,5220291,-3745,-3201633
2023/07/26,NQF,自營商,42,32878,78,60962,-36,-28084,4,3130,387,302808,-383,-299678
2023/07/26,NQF,外資,1415,1107877,1249,977070,166,130807,7,5550,383,299678,-376,-294128
2023/07/26,NQF,投信,0,0,0,0,0,0,0,0,0,0,0,0
2023/07/27,TX,投信,375,1291924,162,558220,213,733704,12480,42986133,11599,39953915,881,3032218
2023/07/27,TX,自營商,9224,31701035,8045,27653370,1179,4047665,5251,18077681,10415,35866652,-5164,-17788971
2023/07/27,TX,外資,63395,217874700,62820,215926178,575,1948523,34543,118985126,32349,111426636,2194,7558490
2023/07/27,TE,外資,1025,3460270,1034,3489914,-9,-29644,285,962046,648,2187389,-363,-1225343
2023/07/27,TE,自營商,257,866274,227,765381,30,100893,111,374613,412,1390663,-301,-1016050
2023/07/27,MTX,自營商,11322,9718413,9639,8276229,1683,1442184,3556,3059895,6007,5165825,-2451,-2105930
2023/07/27,TE,投信,0,0,0,0,0,0,424,1431254,0,0,424,1431254
2023/07/27,MTX,投信,3,2584,5,4309,-2,-1725,244,210121,17,14640,227,195481
2023/07/27,MTX,外資,101950,87543771,97755,83953367,4195,3590404,5273,4540815,4823,4153334,450,387481
2023/07/27,NQF,外資,1393,1087623,1276,995521,117,92103,4,3182,263,206481,-259,-203299
2023/07/27,NQF,自營商,53,41345,131,102126,-78,-60781,4,3140,465,365072,-461,-361932
2023/07/28,TX,自營商,10255,35350163,9683,33371170,572,1978993,5234,18059297,9821,33896803,-4587,-15837506
2023/07/27,NQF,投信,0,0,0,0,0,0,0,0,0,0,0,0
2023/07/28,TX,投信,1,3452,330,1138932,-329,-1135480,12150,41944035,11598,40040935,552,1903100
2023/07/28,TE,自營商,343,1161707,199,673372,144,488335,180,611076,354,1201952,-174,-590876
2023/07/28,TX,外資,69752,240411148,70033,241437931,-281,-1026783,34577,119371322,33542,115797645,1035,3573677
2023/07/28,TE,投信,2,6793,94,318278,-92,-311485,332,1127339,0,0,332,1127339
2023/07/28,TE,外資,1257,4252040,1326,4485502,-69,-233462,307,1042449,739,2509348,-432,-1466899
2023/07/28,MTX,自營商,13469,11603577,10910,9394714,2559,2208863,6551,5651850,6463,5571062,88,80788
2023/07/28,MTX,外資,108688,93663844,109832,94647096,-1144,-983252,6097,5262325,3279,2829376,2818,2432949
2023/07/28,MTX,投信,0,0,8,6884,-8,-6884,236,203692,17,14673,219,189019
2023/07/31,TX,投信,190,654043,722,2470066,-532,-1816023,11724,40100639,11704,40034702,20,65937
2023/07/31,TX,外資,73910,255201593,78731,271899087,-4821,-16697494,32055,109644937,35841,122595135,-3786,-12950198
2023/07/31,TE,投信,2,6694,4,13379,-2,-6685,330,1103652,0,0,330,1103652
2023/07/31,TE,自營商,336,1134572,397,1341504,-61,-206933,126,421308,401,1340996,-275,-919688
2023/07/28,NQF,自營商,7,5525,26,20421,-19,-14896,4,3130,484,378778,-480,-375648
2023/07/28,NQF,投信,0,0,0,0,0,0,0,0,0,0,0,0
2023/07/31,TE,外資,1390,4700373,1441,4876190,-51,-175817,262,876233,745,2491578,-483,-1615345
2023/07/28,NQF,外資,2079,1639427,2201,1732675,-122,-93248,73,57189,454,355300,-381,-298111
2023/07/31,TX,自營商,12628,43591693,13283,45790735,-655,-2199041,5406,18480563,10597,36235516,-5191,-17754953
2023/07/31,MTX,自營商,16367,14113662,18775,16167249,-2408,-2053587,6356,5434026,8880,7583440,-2524,-2149414
2023/07/31,MTX,外資,119988,103603038,127432,110027644,-7444,-6424606,2627,2246506,7253,6201311,-4626,-3954805
2023/07/31,MTX,投信,5,4344,17,14544,-12,-10200,226,193264,19,16248,207,177016
2023/07/31,NQF,自營商,120,95051,28,22096,92,72955,4,3164,392,310092,-388,-306928
2023/08/01,TX,自營商,8417,28867839,8513,29193007,-96,-325169,5091,17477964,10419,35781685,-5328,-18303721
2023/08/01,TX,投信,154,529152,291,999797,-137,-470646,11488,39465323,11605,39870138,-117,-404815
2023/08/01,TE,自營商,319,1069795,295,988168,24,81628,128,428996,381,1277063,-253,-848067
2023/08/01,TX,外資,57411,196901916,53300,182807282,4111,14094634,32670,112238320,32344,111118122,326,1120198
2023/08/01,TE,外資,1108,3713824,1012,3392341,96,321483,260,871572,639,2142056,-379,-1270484
2023/07/31,NQF,投信,0,0,0,0,0,0,0,0,0,0,0,0
2023/07/31,NQF,外資,2068,1634161,1606,1268042,462,366119,197,156449,116,91762,81,64687
2023/08/01,MTX,投信,1,859,5,4287,-4,-3428,221,189817,18,15460,203,174357
2023/08/01,TE,投信,3,10065,1,3351,2,6713,332,1112930,0,0,332,1112930
2023/08/01,MTX,自營商,11953,10246344,10574,9063201,1379,1183143,7884,6769293,8865,7603715,-981,-834422
2023/08/01,NQF,自營商,48,38052,22,17438,26,20614,4,3171,366,290128,-362,-286957
2023/08/01,NQF,投信,0,0,0,0,0,0,0,0,0,0,0,0
2023/08/01,MTX,外資,91938,78823531,86125,73834138,5813,4989393,5256,4514398,4073,3497258,1183,1017140
2023/08/01,NQF,外資,1123,890637,958,759491,165,131147,247,196480,1,793,246,195687
2023/08/02,TX,自營商,17362,58973177,17381,58981592,-19,-8415,5782,19439736,11368,38223538,-5586,-18783802
2023/08/02,TX,投信,276,929110,518,1744526,-242,-815416,11646,39174744,12005,40384820,-359,-1210076
2023/08/02,TX,外資,69726,237001420,74356,252898720,-4630,-15897301,29816,100297216,35143,118218214,-5327,-17920998
2023/08/02,TE,自營商,457,1514764,423,1396822,34,117942,101,330784,393,1287123,-292,-956339
2023/08/02,TE,投信,0,0,2,6553,-2,-6553,330,1080816,0,0,330,1080816
2023/08/02,TE,外資,1544,5107444,1535,5078080,9,29364,315,1031688,684,2240237,-369,-1208549
2023/08/02,MTX,自營商,17004,14444102,19263,16344169,-2259,-1900067,8877,7462803,11089,9306672,-2212,-1843869
2023/08/02,MTX,投信,9,7581,1,841,8,6740,229,192589,18,15138,211,177451
2023/08/02,MTX,外資,107810,91702647,122782,104440102,-14972,-12737454,2722,2289172,12459,10476457,-9737,-8187285
2023/08/02,NQF,自營商,297,234230,68,53647,229,180583,4,3143,137,107655,-133,-104512
2023/08/02,NQF,投信,0,0,0,0,0,0,0,0,0,0,0,0
2023/08/02,NQF,外資,1320,1042054,1215,959109,105,82944,358,282080,7,5501,351,276579
2023/08/04,TX,自營商,11108,37263417,10302,34561198,806,2702219,5868,19732814,10810,36353896,-4942,-16621082
2023/08/04,TX,外資,71549,240001723,67606,226788758,3943,13212965,32140,108134574,33524,112791790,-1384,-4657216
2023/08/04,TE,自營商,237,772874,245,797922,-8,-25048,102,333065,425,1387835,-323,-1054770
2023/08/04,TX,投信,303,1019519,182,611139,121,408380,11866,39922094,12104,40725118,-238,-803024
2023/08/04,TE,投信,2,6534,0,0,2,6534,332,1084312,0,0,332,1084312
2023/08/04,MTX,外資,114965,96381385,114276,95786581,689,594805,3708,3118959,12756,10728045,-9048,-7609086
2023/08/04,MTX,自營商,13414,11240809,13739,11504131,-325,-263322,8696,7312134,10585,8885271,-1889,-1573137
2023/08/04,MTX,投信,0,0,0,0,0,0,229,192623,18,15141,211,177482
2023/08/04,TE,外資,980,3194129,1069,3484432,-89,-290303,297,970002,756,2469096,-459,-1499094
2023/08/04,NQF,投信,0,0,0,0,0,0,0,0,0,0,0,0
2023/08/04,NQF,自營商,251,195122,256,198544,-5,-3422,4,3106,142,110270,-138,-107164
2023/08/07,TX,外資,69648,235256316,66274,223885893,3374,11370423,33501,113898833,31511,107133450,1990,6765383
2023/08/04,NQF,外資,2327,1813281,2586,2013078,-259,-199797,294,228579,202,156863,92,71716
2023/08/07,TX,自營商,11089,37470830,11675,39466928,-586,-1996098,4722,16043515,10310,35037502,-5588,-18993987
2023/08/07,TX,投信,518,1757529,30,101994,488,1655536,11971,40698400,11721,39851400,250,847000
2023/08/07,TE,自營商,351,1157203,290,956185,61,201018,135,448047,400,1327668,-265,-879621
2023/08/07,TE,投信,0,0,0,0,0,0,332,1102174,0,0,332,1102174
2023/08/07,TE,外資,1331,4393584,1394,4603270,-63,-209686,272,902986,794,2635921,-522,-1732935
2023/08/07,MTX,投信,1,850,5,4221,-4,-3371,224,190400,17,14450,207,175950
2023/08/07,MTX,自營商,16175,13657567,14114,11914120,2061,1743447,7936,6742574,7524,6381624,412,360950
2023/08/07,MTX,外資,120035,101289420,109512,92391255,10523,8898165,6213,5281019,4738,4025421,1475,1255598
2023/08/07,NQF,自營商,239,185053,336,259763,-97,-74710,2,1544,237,182905,-235,-181361
2023/08/07,NQF,投信,0,0,0,0,0,0,0,0,0,0,0,0
2023/08/07,NQF,外資,2114,1638804,2479,1918688,-365,-279884,249,192522,522,402854,-273,-210332
2023/08/08,TX,外資,69811,235933035,72164,243981491,-2353,-8048456,30522,102867498,30889,104104497,-367,-1236999
2023/08/08,TX,自營商,13518,45667829,12406,41899240,1112,3768589,5591,18834630,10125,34107596,-4534,-15272966
2023/08/08,TX,投信,287,967449,40,134783,247,832666,12222,41190854,11725,39517940,497,1672914
2023/08/08,TE,外資,995,3274339,987,3248428,8,25911,264,866554,778,2553707,-514,-1687153
2023/08/08,TE,自營商,253,833082,327,1075943,-74,-242861,98,321570,430,1411181,-332,-1089611
2023/08/08,TE,投信,0,0,0,0,0,0,332,1089757,0,0,332,1089757
2023/08/08,MTX,自營商,13551,11447166,15866,13396017,-2315,-1948851,8364,7045637,10035,8439427,-1671,-1393790
2023/08/08,MTX,外資,111860,94552552,118358,100078135,-6498,-5525584,2175,1832659,7182,6049926,-5007,-4217267
2023/08/08,MTX,投信,0,0,5,4212,-5,-4212,219,184529,17,14324,202,170205
2023/08/08,NQF,自營商,137,105724,139,107193,-2,-1469,15,11576,252,194481,-237,-182905
2023/08/08,NQF,投信,0,0,0,0,0,0,0,0,0,0,0,0
2023/08/08,NQF,外資,1346,1038269,1508,1162425,-162,-124156,69,53728,504,388962,-435,-335234
2023/08/09,TX,自營商,13100,44099775,13889,46753814,-789,-2654038,4259,14346699,9582,32280397,-5323,-17933698
2023/08/09,TX,投信,183,616390,114,383846,69,232544,12304,41469690,11738,39564103,566,1905587
2023/08/09,TE,自營商,311,1021290,323,1060563,-12,-39273,126,413631,476,1563120,-350,-1149489
2023/08/09,TE,投信,0,0,5,16411,-5,-16411,327,1074195,0,0,327,1074195
2023/08/09,TE,外資,983,3229786,1150,3778892,-167,-549106,251,824535,932,3061620,-681,-2237085
2023/08/09,MTX,自營商,16288,13708788,15169,12758513,1119,950275,7815,6583387,8346,7018704,-531,-435317
2023/08/09,MTX,外資,108578,91349775,107722,90610922,856,738854,2968,2500975,7132,6008088,-4164,-3507113
2023/08/09,MTX,投信,3,2528,0,0,3,2528,220,185383,15,12640,205,172743
2023/08/09,TX,外資,63793,214724345,61529,207128268,2264,7596077,30897,104137023,29000,97743502,1897,6393521
2023/08/09,NQF,投信,0,0,0,0,0,0,0,0,0,0,0,0
2023/08/09,NQF,自營商,68,52228,139,106552,-71,-54324,4,3077,312,239990,-308,-236913
2023/08/09,NQF,外資,1554,1191369,1600,1226476,-46,-35106,14,10769,495,380843,-481,-370074
2023/08/10,TX,自營商,14479,48330751,12198,40730230,2281,7600521,5473,18223681,8938,29759111,-3465,-11535430
2023/08/10,TX,投信,665,2214866,469,1562277,196,652590,12832,42743804,12070,40207500,762,2536304
2023/08/10,TX,外資,73453,245444649,78406,261987707,-4953,-16543057,25413,84651983,29287,97557057,-3874,-12905074
2023/08/10,TE,自營商,350,1136135,382,1241251,-32,-105116,107,346259,514,1664045,-407,-1317786
2023/08/10,TE,投信,0,0,15,48543,-15,-48543,312,1010381,0,0,312,1010381
2023/08/10,MTX,自營商,16402,13699453,19250,16074898,-2848,-2375445,8335,6940396,10022,8332640,-1687,-1392244
2023/08/10,TE,外資,1459,4730797,1449,4697026,10,33772,249,806310,920,2979296,-671,-2172986
2023/08/10,MTX,投信,0,0,2,1666,-2,-1666,220,183216,17,14158,203,169058
2023/08/10,MTX,外資,124613,104183513,130295,108925970,-5682,-4742457,1614,1344133,8188,6816698,-6574,-5472565
2023/08/10,NQF,自營商,138,105096,177,134889,-39,-29792,4,3048,351,267497,-347,-264449
2023/08/11,TX,投信,76,252528,116,387071,-40,-134543,12891,42860257,12169,40461841,722,2398416
2023/08/11,TX,自營商,12729,42446515,14397,48026859,-1668,-5580344,4838,16075037,9711,32271984,-4873,-16196947
2023/08/11,TE,自營商,373,1209368,380,1229987,-7,-20619,146,471037,589,1900521,-443,-1429484
2023/08/10,NQF,外資,1817,1387399,1989,1520629,-172,-133229,17,12956,670,510981,-653,-498025
2023/08/11,TE,投信,0,0,6,19411,-6,-19411,306,987707,0,0,306,987707
2023/08/11,MTX,自營商,16239,13541926,17345,14463035,-1106,-921109,6098,5066726,9931,8240235,-3833,-3173509
2023/08/11,TE,外資,1042,3376159,1009,3270364,33,105795,245,790438,883,2850023,-638,-2059585
2023/08/10,NQF,投信,0,0,0,0,0,0,0,0,0,0,0,0
2023/08/11,MTX,外資,135073,112710625,131746,109919053,3327,2791572,3021,2511201,6236,5180759,-3215,-2669558
2023/08/11,TX,外資,79880,266528022,77113,257298614,2767,9229408,26627,88526860,27742,92233046,-1115,-3706186
2023/08/11,MTX,投信,0,0,19,15793,-19,-15793,201,167081,17,14131,184,152950
2023/08/11,NQF,自營商,163,124404,168,128310,-5,-3906,15,11416,367,279305,-352,-267889
2023/08/11,NQF,投信,0,0,0,0,0,0,0,0,0,0,0,0
2023/08/14,TX,自營商,23283,76482716,20279,66591489,3004,9891227,8245,26990888,10114,33102192,-1869,-6111304
2023/08/11,NQF,外資,2389,1827150,2638,2016335,-249,-189185,14,10655,916,697466,-902,-686811
2023/08/14,TX,外資,102480,336810244,111698,367161999,-9218,-30351755,22520,73709724,33728,110416017,-11208,-36706293
2023/08/14,TE,外資,1541,4918327,1608,5130483,-67,-212155,335,1068171,1040,3316114,-705,-2247943
2023/08/14,TX,投信,14842,48545737,14530,47524481,312,1021256,13375,43778865,12341,40395223,1034,3383642
2023/08/14,TE,自營商,489,1561672,470,1500538,19,61134,63,200714,479,1528237,-416,-1327523
2023/08/14,TE,投信,130,413501,131,417425,-1,-3924,305,972528,0,0,305,972528
2023/08/14,MTX,投信,73,59676,101,82627,-28,-22951,168,137516,12,9815,156,127701
2023/08/14,MTX,外資,125215,103152545,135702,111782270,-10487,-8629725,2000,1637688,12202,9987357,-10202,-8349669
2023/08/14,MTX,自營商,20652,16982290,22070,18152671,-1418,-1170381,7022,5749682,12273,10034283,-5251,-4284601
2023/08/14,NQF,自營商,106,80028,251,189411,-145,-109383,2,1508,499,376271,-497,-374763
2023/08/14,NQF,投信,0,0,0,0,0,0,0,0,0,0,0,0
2023/08/14,NQF,外資,1755,1326273,1887,1425939,-132,-99666,14,10557,1048,790681,-1034,-780124
2023/08/15,TX,自營商,15037,49479921,18106,59585491,-3069,-10105570,4916,16127615,9958,32675046,-5042,-16547431
2023/08/15,TX,投信,9662,31799017,10955,36046344,-1293,-4247327,11978,39289225,12237,40138202,-259,-848977
2023/08/15,TE,自營商,626,2014218,567,1823695,59,190523,86,275677,430,1379045,-344,-1103368
2023/08/15,TE,投信,47,150566,147,472757,-100,-322191,205,656703,0,0,205,656703
2023/08/15,TX,外資,80489,264811398,72861,239730599,7628,25080799,24599,80709417,28181,92479416,-3582,-11769999
2023/08/15,TE,外資,1303,4195805,1294,4166180,9,29625,366,1173062,1062,3404156,-696,-2231094
2023/08/15,MTX,自營商,19174,15768276,18868,15515002,306,253274,5216,4282530,9745,7986087,-4529,-3703557
2023/08/15,MTX,投信,111,91087,108,88753,3,2334,168,137765,9,7380,159,130385
2023/08/15,MTX,外資,103569,85165556,93478,76867857,10091,8297699,5697,4676815,5800,4758676,-103,-81861
2023/08/15,NQF,自營商,85,64980,75,56947,10,8033,0,0,487,372725,-487,-372725
2023/08/16,TX,投信,804,2632053,454,1486051,350,1146002,12296,40264482,12246,40100752,50,163730
2023/08/15,NQF,投信,0,0,0,0,0,0,0,0,0,0,0,0
2023/08/16,TX,自營商,19050,62308907,17201,56254222,1849,6054685,4133,13530537,8447,27656479,-4314,-14125942
2023/08/15,NQF,外資,1894,1438282,1316,998101,578,440181,71,54340,527,403509,-456,-349169
2023/08/16,TE,自營商,438,1403409,510,1633293,-72,-229885,46,147798,304,976752,-258,-828954
2023/08/16,TX,外資,62488,204405952,64585,211265330,-2097,-6859378,20187,66103932,22557,73864463,-2370,-7760531
2023/08/16,TE,投信,32,102575,32,102838,0,-264,205,658665,0,0,205,658665
2023/08/16,TE,外資,1234,3950575,1122,3591866,112,358710,283,909279,589,1892457,-306,-983178
2023/08/16,MTX,投信,0,0,23,18827,-23,-18827,143,117067,11,9005,132,108062
2023/08/16,MTX,自營商,18770,15347570,18811,15375103,-41,-27533,1140,933783,10664,8724623,-9524,-7790840
2023/08/16,MTX,外資,100622,82287472,101003,82600457,-381,-312985,2163,1770766,6797,5564732,-4634,-3793966
2023/08/16,NQF,投信,0,0,0,0,0,0,0,0,0,0,0,0
2023/08/16,NQF,自營商,151,114562,181,137123,-30,-22560,0,0,517,390930,-517,-390930
2023/08/17,TX,外資,76553,250567377,73220,239737811,3333,10829566,24315,80024853,23369,76911312,946,3113541
2023/08/17,TX,投信,262,862365,25,82292,237,780073,12521,41209115,12234,40264541,287,944574
2023/08/17,TX,自營商,12189,39904865,11433,37442467,756,2462397,4859,15988326,8507,27994008,-3648,-12005682
2023/08/16,NQF,外資,1563,1186688,1946,1476304,-383,-289616,61,46125,900,680722,-839,-634597
2023/08/17,TE,自營商,265,854243,314,1014543,-49,-160300,97,314493,408,1322818,-311,-1008325
2023/08/17,TE,投信,6,19434,2,6483,4,12952,209,677620,0,0,209,677620
2023/08/17,MTX,自營商,14652,11991785,13890,11369793,762,621992,2554,2102182,10956,9009244,-8402,-6907062
2023/08/17,MTX,外資,126528,103545184,126485,103533894,43,11289,2696,2218269,7219,5940328,-4523,-3722059
2023/08/17,MTX,投信,3,2469,20,16453,-17,-13985,123,101204,8,6582,115,94622
2023/08/17,TE,外資,1244,4013309,1321,4262550,-77,-249241,257,833245,640,2075008,-383,-1241763
2023/08/17,NQF,投信,0,0,0,0,0,0,0,0,0,0,0,0
2023/08/17,NQF,外資,1693,1275743,2430,1829533,-737,-553790,17,12694,1593,1189916,-1576,-1177222
2023/08/18,TX,自營商,11897,39085036,11882,39040136,15,44901,4898,16015823,8655,28302856,-3757,-12287033
2023/08/18,TX,投信,59,193007,218,713042,-159,-520034,12490,40849794,12362,40431157,128,418637
2023/08/17,NQF,自營商,148,111257,424,318141,-276,-206884,20,14934,813,607067,-793,-592133
2023/08/18,TE,自營商,275,886208,378,1218403,-103,-332195,10,32060,453,1452318,-443,-1420258
2023/08/18,TX,外資,72546,238453031,74266,244096059,-1720,-5643028,23770,77741413,24544,80273040,-774,-2531627
2023/08/18,TE,投信,8,25652,0,0,8,25652,217,695702,0,0,217,695702
2023/08/18,MTX,自營商,11714,9629063,13781,11318644,-2067,-1689580,3074,2514060,13047,10662603,-9973,-8148543
2023/08/18,MTX,投信,5,4123,5,4089,0,34,126,103024,11,8994,115,94030
2023/08/18,TE,外資,1187,3827248,1166,3759765,21,67483,323,1035538,685,2196110,-362,-1160572
2023/08/18,MTX,外資,122909,101033829,128828,105888808,-5919,-4854979,3039,2484850,13481,11023015,-10442,-8538165
2023/08/18,NQF,自營商,143,106425,193,143465,-50,-37040,20,14763,863,637023,-843,-622260
2023/08/18,NQF,外資,1987,1480426,2306,1719111,-319,-238685,9,6643,1904,1405879,-1895,-1399236
2023/08/18,NQF,投信,0,0,0,0,0,0,0,0,0,0,0,0
2023/08/21,TX,投信,92,300737,9,29420,83,271317,12574,41111950,12363,40422065,211,689885
2023/08/21,TX,自營商,7623,24958905,8258,27032586,-635,-2073681,4692,15338004,9164,29958344,-4472,-14620340
2023/08/21,TX,外資,61701,201922682,65780,215301898,-4079,-13379216,21534,70406514,27621,90308938,-6087,-19902424
2023/08/21,TE,外資,893,2864758,884,2835863,9,28895,322,1029756,675,2158650,-353,-1128894
2023/08/21,TE,自營商,227,728285,210,672928,17,55357,8,25584,458,1464684,-450,-1439100
2023/08/21,TE,投信,0,0,5,15987,-5,-15987,212,677976,0,0,212,677976
2023/08/21,MTX,外資,112404,91959994,115014,94085736,-2610,-2125742,2061,1684679,10177,8318721,-8116,-6634042
2023/08/21,MTX,投信,0,0,5,4095,-5,-4095,121,98905,11,8991,110,89914
2023/08/21,MTX,自營商,8390,6874915,7705,6307210,685,567705,2782,2274483,11750,9599424,-8968,-7324941
2023/08/22,TX,自營商,7893,25921863,7596,24950382,297,971481,4907,16091853,9212,30211335,-4305,-14119482
2023/08/21,NQF,外資,2113,1554933,2167,1594042,-54,-39109,0,0,1949,1437863,-1949,-1437863
2023/08/21,NQF,投信,0,0,0,0,0,0,0,0,0,0,0,0
2023/08/21,NQF,自營商,105,77313,102,75037,3,2276,20,14749,860,634207,-840,-619458
2023/08/22,TX,投信,25,82003,41,134467,-16,-52464,12549,41160720,12354,40521120,195,639600
2023/08/22,TX,外資,54828,180019639,53820,176725151,1008,3294488,21044,69023498,26120,85673012,-5076,-16649514
2023/08/22,TE,自營商,293,946596,208,671101,85,275495,57,183950,436,1407059,-379,-1223109
2023/08/22,TE,外資,972,3140236,1041,3363433,-69,-223198,323,1042386,745,2404264,-422,-1361878
2023/08/22,TE,投信,8,25809,0,0,8,25809,220,709984,0,0,220,709984
2023/08/22,MTX,自營商,7823,6426054,8418,6912125,-595,-486071,2533,2077699,11576,9487569,-9043,-7409870
2023/08/22,MTX,外資,94761,77777074,92658,76046407,2103,1730667,2291,1878628,8316,6819350,-6025,-4940722
2023/08/22,NQF,投信,0,0,0,0,0,0,0,0,0,0,0,0
2023/08/23,TX,投信,444,1470026,99,327540,345,1142486,12564,41606942,12024,39818678,540,1788264
2023/08/23,TX,自營商,9753,32140497,10544,34751866,-791,-2611369,4641,15364270,9746,32269570,-5105,-16905300
2023/08/22,MTX,投信,0,0,8,6560,-8,-6560,113,92660,11,9020,102,83640
2023/08/22,NQF,外資,2323,1730806,1546,1150824,777,579982,4,2994,1176,880551,-1172,-877557
2023/08/22,NQF,自營商,108,80229,98,72919,10,7309,0,0,830,621338,-830,-621338
2023/08/23,TX,外資,60017,197686209,57947,190870531,2070,6815678,22951,76003145,25957,85958156,-3006,-9955011
2023/08/23,TE,投信,0,0,4,13062,-4,-13062,216,705499,0,0,216,705499
2023/08/23,TE,自營商,220,715054,153,496874,67,218179,112,365808,395,1290149,-283,-924341
2023/08/23,TE,外資,1054,3427528,998,3244967,56,182561,317,1035385,683,2230815,-366,-1195430
2023/08/23,MTX,外資,104327,85872094,92298,75963911,12029,9908183,9554,7909734,3426,2836367,6128,5073367
2023/08/23,MTX,自營商,11866,9777898,8293,6829644,3573,2948254,3615,2992306,9193,7604384,-5578,-4612078
2023/08/23,MTX,投信,0,0,0,0,0,0,113,93553,11,9107,102,84446
2023/08/23,NQF,自營商,142,106560,108,80944,34,25616,0,0,796,598154,-796,-598154
2023/08/23,NQF,投信,0,0,0,0,0,0,0,0,0,0,0,0
2023/08/23,NQF,外資,1643,1234726,1708,1282648,-65,-47922,10,7515,1247,937058,-1237,-929543
2023/08/24,TX,投信,738,2469594,0,0,738,2469594,12877,43153402,11599,38870569,1278,4282833
2023/08/24,TX,外資,69309,231405065,69234,231135683,75,269382,21831,73158690,23469,78648134,-1638,-5489444
2023/08/24,TX,自營商,10365,34632511,9549,31905319,816,2727192,4767,15969753,9211,30862611,-4444,-14892858
2023/08/24,TE,自營商,297,985833,357,1183788,-60,-197955,90,299596,446,1484724,-356,-1185128
2023/08/24,MTX,自營商,12361,10317558,11678,9746245,683,571314,4516,3782578,8791,7358585,-4275,-3576007
2023/08/24,TE,外資,1336,4435441,1424,4728903,-88,-293462,324,1078596,778,2589962,-454,-1511366
2023/08/24,MTX,投信,8,6700,0,0,8,6700,121,101374,11,9216,110,92158
2023/08/24,MTX,外資,108388,90423757,108721,90677380,-333,-253623,3880,3250543,3257,2728747,623,521796
2023/08/24,TE,投信,7,23267,0,0,7,23267,223,742367,0,0,223,742367
2023/08/24,NQF,自營商,338,258866,17,12871,321,245996,0,0,475,365608,-475,-365608
2023/08/24,NQF,外資,2453,1863679,1404,1064458,1049,799221,281,217641,469,360989,-188,-143348
2023/08/25,TX,自營商,12327,40829856,10800,35730172,1527,5099684,5935,19494726,9257,30407589,-3322,-10912863
2023/08/24,NQF,投信,0,0,0,0,0,0,0,0,0,0,0,0
2023/08/25,TX,投信,997,3275410,831,2732024,166,543386,13682,44948106,12238,40204278,1444,4743828
2023/08/25,TE,自營商,234,765319,230,751702,4,13617,34,110092,438,1418327,-404,-1308235
2023/08/25,TX,外資,68671,227463289,77135,255600679,-8464,-28137391,16965,55732952,28801,94616403,-11836,-38883451
2023/08/25,TE,投信,0,0,0,0,0,0,223,722119,0,0,223,722119
2023/08/25,MTX,自營商,9998,8281235,15178,12575621,-5180,-4294387,3540,2908214,11375,9337473,-7835,-6429259
2023/08/25,TE,外資,987,3222191,1021,3334550,-34,-112359,316,1023271,804,2603513,-488,-1580242
2023/08/25,MTX,投信,0,0,8,6569,-8,-6569,113,92807,11,9034,102,83773
2023/08/25,MTX,外資,104871,86883640,123110,102045362,-18239,-15161722,1619,1329683,12299,10101456,-10680,-8771773
2023/08/25,NQF,自營商,384,289309,558,418861,-174,-129552,0,0,649,481493,-649,-481493
2023/08/25,NQF,外資,2376,1790773,3467,2618590,-1091,-827817,76,57015,1355,1005275,-1279,-948260
2023/08/28,TX,自營商,8320,27417825,8859,29198195,-539,-1780371,4797,15819385,8660,28560226,-3863,-12740841
2023/08/25,NQF,投信,0,0,0,0,0,0,0,0,0,0,0,0
2023/08/28,TX,外資,68404,225337311,64858,213647138,3546,11690173,18812,62048669,27102,89392481,-8290,-27343812
2023/08/28,TE,投信,1,3251,0,0,1,3251,224,727955,0,0,224,727955
2023/08/28,TX,投信,672,2216842,303,998441,369,1218401,14059,46372206,12246,40392206,1813,5980000
2023/08/28,TE,自營商,196,636713,158,513176,38,123537,70,227483,440,1429910,-370,-1202427
2023/08/28,MTX,投信,1,825,2,1649,-1,-825,111,91531,10,8246,101,83285
2023/08/28,TE,外資,743,2414512,753,2447057,-10,-32545,290,942442,788,2560842,-498,-1618400
2023/08/28,MTX,外資,114243,94069459,106068,87333468,8175,6735992,5561,4585593,8066,6651246,-2505,-2065653
2023/08/28,MTX,自營商,10856,8947298,9637,7940033,1219,1007264,2809,2316228,9417,7759829,-6608,-5443601
2023/08/28,NQF,投信,0,0,0,0,0,0,0,0,0,0,0,0
2023/08/28,NQF,自營商,263,196522,133,98918,130,97604,0,0,519,389068,-519,-389068
2023/08/29,TX,自營商,8746,28934060,8545,28267363,201,666697,4277,14215885,7946,26414243,-3669,-12198358
2023/08/28,NQF,外資,3787,2821132,3316,2469117,471,352014,170,128996,978,733268,-808,-604272
2023/08/29,TE,投信,0,0,0,0,0,0,224,733197,0,0,224,733197
2023/08/29,TX,外資,49169,162582612,47252,156266698,1917,6315913,20580,68422976,25436,84568605,-4856,-16145629
2023/08/29,TE,自營商,175,570237,137,445787,38,124450,92,301125,411,1345280,-319,-1044155
2023/08/29,TX,投信,469,1556485,326,1079105,143,477380,13875,46131600,11919,39628291,1956,6503309
2023/08/29,MTX,投信,0,0,0,0,0,0,111,92263,10,8312,101,83951
2023/08/29,MTX,自營商,14090,11653590,9663,7989185,4427,3664405,5148,4278241,7301,6062408,-2153,-1784167
2023/08/29,TE,外資,610,1985177,616,2004823,-6,-19647,292,955774,796,2605467,-504,-1649693
2023/08/29,MTX,外資,85642,70801055,78932,65244856,6710,5556200,3956,3288257,5819,4836629,-1863,-1548372
2023/08/29,NQF,自營商,170,128280,60,45191,110,83089,0,0,409,309368,-409,-309368
2023/08/29,NQF,投信,0,0,0,0,0,0,0,0,0,0,0,0
2023/08/29,NQF,外資,1852,1395186,1541,1161051,311,234135,122,93402,619,468329,-497,-374927
2023/08/30,TX,投信,582,1946612,909,3040198,-327,-1093587,13120,43881152,11491,38432799,1629,5448353
2023/08/30,TX,自營商,10652,35589077,10046,33555486,606,2033592,4586,15333773,7641,25551544,-3055,-10217771
2023/08/30,TE,自營商,209,689795,131,431955,78,257840,119,392244,359,1183335,-240,-791091
2023/08/30,TX,外資,50089,167298072,51927,173463895,-1838,-6165823,19316,64602811,26010,86991902,-6694,-22389091
2023/08/30,TE,外資,707,2332612,750,2475016,-43,-142404,311,1025118,858,2828140,-547,-1803022
2023/08/30,TE,投信,0,0,0,0,0,0,224,738349,0,0,224,738349
2023/08/30,MTX,自營商,11924,9954470,10399,8680863,1525,1273607,7087,5924096,7756,6479182,-669,-555086
2023/08/30,MTX,投信,1,836,0,0,1,836,111,92813,9,7525,102,85288
2023/08/30,MTX,外資,85899,71717756,84027,70140753,1872,1577003,4148,3468321,4052,3387845,96,80476
2023/08/30,NQF,外資,2514,1917780,1989,1517754,525,400027,191,149125,163,125923,28,23202
2023/08/30,NQF,投信,0,0,0,0,0,0,0,0,0,0,0,0
2023/08/30,NQF,自營商,180,138126,65,49600,115,88525,13,10033,307,236943,-294,-226910
2023/08/31,TX,投信,110,365833,786,2614196,-676,-2248363,12604,41895696,11651,38727924,953,3167772
2023/08/31,TX,外資,51503,171684926,53260,177534857,-1757,-5849931,17908,59525079,26359,87616440,-8451,-28091361
2023/08/31,TE,自營商,136,446501,176,577370,-40,-130869,99,323942,391,1279357,-292,-955415
2023/08/31,TE,投信,0,0,0,0,0,0,224,732928,0,0,224,732928
2023/08/31,TX,自營商,9137,30448649,7726,25747178,1411,4701470,5782,19215672,7535,25042065,-1753,-5826393
2023/08/31,TE,外資,580,1902730,576,1889478,4,13252,303,991416,846,2768112,-543,-1776696
2023/08/31,MTX,自營商,10004,8335869,11498,9576229,-1494,-1240360,5457,4533897,7184,5964406,-1727,-1430509
2023/08/31,MTX,投信,0,0,2,1662,-2,-1662,111,92241,11,9141,100,83100
2023/08/31,MTX,外資,82051,68399983,88434,73714973,-6383,-5314989,1213,1008327,7500,6232301,-6287,-5223974
2023/08/31,NQF,自營商,108,83500,55,42527,53,40973,58,44947,299,231710,-241,-186763
2023/08/31,NQF,投信,0,0,0,0,0,0,0,0,0,0,0,0
2023/08/31,NQF,外資,1720,1329747,1647,1272763,73,56984,194,151876,93,72070,101,79806
2023/09/01,TX,自營商,8401,27972542,9623,32047752,-1222,-4075209,4271,14219648,7249,24136662,-2978,-9917014
2023/09/01,TX,投信,384,1278745,377,1256946,7,21799,12609,41990492,11649,38793500,960,3196992
2023/09/01,TE,投信,0,0,0,0,0,0,224,731270,0,0,224,731270
2023/09/01,TX,外資,49276,164025774,46938,156248748,2338,7777026,20616,68654333,26722,88988743,-6106,-20334410
2023/09/01,TE,自營商,229,749945,201,658040,28,91905,114,372132,380,1240537,-266,-868405
2023/09/01,MTX,投信,7,5829,0,0,7,5829,118,98241,11,9158,107,89083
2023/09/01,TE,外資,539,1765387,522,1709872,17,55514,306,998968,832,2716147,-526,-1717179
2023/09/01,MTX,自營商,11914,9917751,11710,9740467,204,177284,6042,5029030,7553,6283004,-1511,-1253974
2023/09/01,MTX,外資,83693,69650220,79702,66317868,3991,3332353,3442,2865636,5766,4800437,-2324,-1934801
2023/09/01,NQF,外資,1680,1306167,1356,1053824,324,252343,458,357855,33,25646,425,332209
2023/09/01,NQF,投信,0,0,0,0,0,0,0,0,0,0,0,0
2023/09/04,TX,投信,614,2059793,356,1190303,258,869489,12653,42458407,11435,38371286,1218,4087121
2023/09/04,TX,外資,57779,192594876,55165,183877606,2614,8717270,22171,74395498,25661,86106996,-3490,-11711498
2023/09/04,TE,投信,0,0,0,0,0,0,224,738618,0,0,224,738618
2023/09/04,TE,自營商,259,849378,171,559675,88,289703,172,567110,345,1137596,-173,-570486
2023/09/01,NQF,自營商,113,87810,125,96925,-12,-9115,45,34972,298,231591,-253,-196619
2023/09/04,TE,外資,696,2279497,739,2421258,-43,-141762,308,1015599,877,2891820,-569,-1876221
2023/09/04,TX,自營商,9866,32893239,9520,31766368,346,1126871,5111,17146022,7695,25817144,-2584,-8671122
2023/09/04,MTX,投信,0,0,0,0,0,0,118,98990,11,9228,107,89762
2023/09/04,MTX,自營商,12515,10433514,11948,9952429,567,481085,7809,6548371,8945,7498320,-1136,-949949
2023/09/04,MTX,外資,99147,82617782,90762,75599932,8385,7017849,9482,7954500,3429,2876514,6053,5077986
2023/09/04,NQF,自營商,212,164951,78,60529,134,104422,53,41192,172,133678,-119,-92486
2023/09/04,NQF,投信,0,0,0,0,0,0,0,0,0,0,0,0
2023/09/05,TX,自營商,6333,21207235,5031,16847234,1302,4360001,6274,21016427,7567,25348872,-1293,-4332445
2023/09/05,TX,投信,216,723686,296,990682,-80,-266996,12568,42107827,11430,38295072,1138,3812755
2023/09/04,NQF,外資,1765,1373756,1851,1439117,-86,-65361,370,289195,31,24093,339,265102
2023/09/05,TE,自營商,139,457597,169,555863,-30,-98266,152,500462,326,1073446,-174,-572984
2023/09/05,TX,外資,29254,97956038,31994,107135668,-2740,-9179630,19662,65874359,25892,86747576,-6230,-20873217
2023/09/05,TE,外資,472,1552393,458,1506744,14,45649,341,1122845,896,2950349,-555,-1827504
2023/09/05,MTX,自營商,5280,4419878,5884,4924802,-604,-504924,6515,5455475,8211,6872817,-1696,-1417342
2023/09/05,MTX,外資,45639,38204345,53315,44630299,-7676,-6425954,3474,2909917,5097,4269171,-1623,-1359254
2023/09/05,TE,投信,0,0,14,46104,-14,-46104,210,691488,0,0,210,691488
2023/09/05,MTX,投信,0,0,2,1676,-2,-1676,116,97162,11,9214,105,87948
2023/09/06,TX,自營商,9289,31098816,9821,32875774,-532,-1776958,5879,19648042,7620,25467868,-1741,-5819826
2023/09/05,NQF,自營商,18,13993,86,66682,-68,-52689,53,41070,240,185976,-187,-144906
2023/09/05,NQF,外資,434,337971,503,391065,-69,-53094,413,322151,143,110811,270,211340
2023/09/05,NQF,投信,0,0,0,0,0,0,0,0,0,0,0,0
2023/09/06,TX,外資,46994,157340964,45896,153662589,1098,3678375,20040,66985137,25172,84139126,-5132,-17153989
2023/09/06,TX,投信,144,481483,260,870092,-116,-388609,12458,41642111,11436,38225974,1022,3416137
2023/09/06,TE,自營商,158,521162,188,619952,-30,-98790,150,494111,326,1073967,-176,-579856
2023/09/06,TE,投信,2,6590,24,79094,-22,-72504,188,619347,0,0,188,619347
2023/09/06,TE,外資,510,1683180,545,1798965,-35,-115785,330,1087152,920,3030848,-590,-1943696
2023/09/06,MTX,外資,71363,59732866,75699,63356292,-4336,-3623427,1026,857405,6867,5738425,-5841,-4881020
2023/09/06,MTX,投信,0,0,0,0,0,0,116,96935,11,9192,105,87743
2023/09/06,MTX,自營商,9412,7878216,8343,6980723,1069,897493,5312,4437965,6371,5319249,-1059,-881284
2023/09/06,NQF,自營商,81,62760,101,78326,-20,-15566,61,47296,268,207813,-207,-160517
2023/09/06,NQF,投信,0,0,0,0,0,0,0,0,0,0,0,0
2023/09/06,NQF,外資,1805,1400597,1622,1257237,183,143360,513,400846,60,46521,453,354325
2023/09/07,TX,外資,52586,174860507,50568,168138702,2018,6721805,21270,70457829,24380,80760532,-3110,-10302703
2023/09/07,TX,投信,334,1106785,567,1880450,-233,-773665,12498,41400875,11709,38787233,789,2613642
2023/09/07,TE,自營商,190,621866,234,765272,-44,-143406,100,326039,337,1098693,-237,-772654
2023/09/07,TX,自營商,9302,30916929,9497,31560330,-195,-643401,6050,20038715,7907,26189712,-1857,-6150997
2023/09/07,MTX,自營商,10069,8368583,12393,10299879,-2324,-1931296,4467,3698804,8166,6758109,-3699,-3059305
2023/09/07,TE,外資,659,2156221,637,2084111,22,72111,317,1033483,885,2885277,-568,-1851794
2023/09/07,MTX,外資,80921,67287167,83595,69501767,-2674,-2214600,181,149876,8712,7214736,-8531,-7064860
2023/09/07,TE,投信,0,0,0,0,0,0,188,612918,0,0,188,612918
2023/09/07,MTX,投信,0,0,0,0,0,0,116,96065,11,9110,105,86955
2023/09/07,NQF,自營商,78,60102,98,75401,-20,-15300,53,40678,280,214938,-227,-174260
2023/09/07,NQF,外資,1304,1005815,1730,1333199,-426,-327384,358,277620,331,254043,27,23577
2023/09/07,NQF,投信,0,0,0,0,0,0,0,0,0,0,0,0
2023/09/08,TX,外資,48948,161752392,49725,164306779,-777,-2554387,22299,73862524,26186,86737882,-3887,-12875358
2023/09/08,TX,自營商,9160,30275452,9606,31751117,-446,-1475666,5823,19285545,8249,27321451,-2426,-8035906
2023/09/08,TX,投信,687,2275625,303,1001848,384,1273777,12891,42700148,11718,38814703,1173,3885445
2023/09/08,TE,投信,0,0,10,32452,-10,-32452,178,577646,0,0,178,577646
2023/09/08,TE,自營商,278,901059,325,1052647,-47,-151588,97,314801,390,1265634,-293,-950833
2023/09/08,MTX,投信,4,3313,0,0,4,3313,120,99372,11,9109,109,90263
2023/09/08,MTX,自營商,7770,6419119,8425,6959352,-655,-540233,4362,3611429,8224,6806171,-3862,-3194742
2023/09/08,TE,外資,885,2867470,885,2868522,0,-1051,336,1090387,904,2933661,-568,-1843274
2023/09/08,MTX,外資,76691,63347044,73403,60625524,3288,2721520,2374,1965903,7617,6307638,-5243,-4341735
2023/09/08,NQF,外資,1583,1208092,1769,1349285,-186,-141193,379,292968,538,411678,-159,-118710
2023/09/08,NQF,投信,0,0,0,0,0,0,0,0,0,0,0,0
2023/09/08,NQF,自營商,76,57996,146,111290,-70,-53293,73,55860,370,283182,-297,-227322
2023/09/11,TX,自營商,11989,39464869,11790,38800889,199,663980,5769,18949545,8014,26323068,-2245,-7373523
2023/09/11,TX,外資,60917,200662609,63631,209588854,-2714,-8926245,21306,69989419,27907,91673801,-6601,-21684382
2023/09/11,TX,投信,954,3133497,727,2386322,227,747175,13386,43973010,11986,39374010,1400,4599000
2023/09/11,TE,投信,1,3212,0,0,1,3212,179,574590,0,0,179,574590
2023/09/11,TE,自營商,241,774190,297,954718,-56,-180528,116,372481,484,1553692,-368,-1181211
2023/09/11,MTX,自營商,12723,10471304,13149,10816540,-426,-345236,6669,5477022,10885,8935145,-4216,-3458123
2023/09/11,MTX,投信,0,0,3,2464,-3,-2464,120,98550,14,11498,106,87052
2023/09/11,MTX,外資,87524,72110070,95190,78415005,-7666,-6304935,267,219263,13176,10820824,-12909,-10601561
2023/09/11,TE,外資,1054,3389340,990,3182999,64,206341,369,1184490,873,2802330,-504,-1617840
2023/09/11,NQF,自營商,61,46771,33,25275,28,21496,58,44575,327,251096,-269,-206521
2023/09/11,NQF,外資,1804,1384098,1590,1218020,214,166078,518,401869,463,355445,55,46424
2023/09/12,TX,自營商,11703,38621166,13195,43546208,-1492,-4925042,4220,13982216,7953,26352903,-3733,-12370687
2023/09/12,TX,外資,56882,187634113,51398,169535908,5484,18098205,24702,81860888,25825,85582721,-1123,-3721833
2023/09/12,TX,投信,862,2855469,624,2060972,238,794497,13356,44261778,11718,38833452,1638,5428326
2023/09/11,NQF,投信,0,0,0,0,0,0,0,0,0,0,0,0
2023/09/12,TE,自營商,314,1012320,192,618560,122,393759,178,576901,411,1332189,-233,-755288
2023/09/12,MTX,自營商,15679,12931660,12517,10324210,3162,2607451,6832,5659615,7902,6542252,-1070,-882637
2023/09/12,TE,外資,853,2750648,898,2895226,-45,-144578,327,1059938,876,2839466,-549,-1779528
2023/09/12,TE,投信,13,42128,0,0,13,42128,192,622349,0,0,192,622349
2023/09/12,MTX,投信,50,41372,4,3295,46,38078,166,137516,14,11599,152,125917
2023/09/12,MTX,外資,84716,69836440,74518,61425564,10198,8410876,6268,5192973,8955,7419053,-2687,-2226080
2023/09/12,NQF,自營商,48,37045,58,44629,-10,-7583,39,30201,318,245892,-279,-215691
2023/09/12,NQF,外資,1635,1264371,1492,1152270,143,112101,618,484172,420,324681,198,159491
2023/09/13,TX,自營商,11373,37696087,10843,35943366,530,1752721,4650,15415574,7804,25873231,-3154,-10457657
2023/09/12,NQF,投信,0,0,0,0,0,0,0,0,0,0,0,0
2023/09/13,TX,外資,47956,158955308,47500,157443969,456,1511338,24905,82578358,25572,84790515,-667,-2212157
2023/09/13,TE,自營商,236,764944,317,1026678,-81,-261734,86,278250,400,1294520,-314,-1016270
2023/09/13,TE,投信,8,25892,0,0,8,25892,200,647280,0,0,200,647280
2023/09/13,TX,投信,739,2450233,294,973640,445,1476593,13789,45721556,11706,38814755,2083,6906801
2023/09/13,TE,外資,716,2319873,662,2145686,54,174187,338,1093903,833,2695921,-495,-1602018
2023/09/13,MTX,自營商,11859,9827300,10579,8766129,1280,1061172,7440,6166307,7445,6167335,-5,-1028
2023/09/13,NQF,投信,0,0,0,0,0,0,0,0,0,0,0,0
2023/09/13,NQF,外資,959,738547,1547,1191607,-588,-453061,420,325353,810,619529,-390,-294176
2023/09/13,MTX,外資,70199,58171990,71305,59082971,-1106,-910981,4058,3363842,7770,6440766,-3712,-3076924
2023/09/14,TX,自營商,9865,32994295,10911,36513998,-1046,-3519704,4189,14101432,8163,27482282,-3974,-13380850
2023/09/14,TX,投信,844,2841657,368,1235304,476,1606353,13859,46666006,11300,38049360,2559,8616646
2023/09/14,TE,自營商,288,943795,202,662299,86,281496,149,491089,351,1156834,-202,-665745
2023/09/14,TE,投信,0,0,0,0,0,0,200,659160,0,0,200,659160
2023/09/13,NQF,自營商,43,32908,106,81141,-63,-48232,34,26054,376,287642,-342,-261588
2023/09/14,MTX,投信,1,842,0,0,1,842,172,144773,13,10943,159,133830
2023/09/14,MTX,自營商,19373,16193215,12473,10423573,6900,5769642,15452,13003969,9461,7959886,5991,5044083
2023/09/14,TE,外資,957,3139632,990,3248445,-33,-108814,359,1183198,887,2923375,-528,-1740177
2023/09/14,MTX,外資,86429,72181845,72175,60248941,14254,11932904,15727,13238879,5173,4354489,10554,8884390
2023/09/14,TX,外資,54886,183460521,52280,174765818,2606,8694703,31689,106700231,29753,100182710,1936,6517521
2023/09/14,NQF,自營商,32,24583,85,65332,-53,-40749,40,30914,435,335705,-395,-304791
2023/09/15,TX,投信,374,1264429,985,3325515,-611,-2061086,13140,44423797,11191,37834549,1949,6589248
2023/09/14,NQF,投信,0,0,0,0,0,0,0,0,0,0,0,0
2023/09/13,MTX,投信,6,4968,0,0,6,4968,172,142565,14,11605,158,130960
2023/09/14,NQF,外資,2047,1572172,1967,1517870,80,54302,385,299323,695,541974,-310,-242651
2023/09/15,TE,自營商,212,701708,172,568838,40,132870,170,564606,317,1052728,-147,-488122
2023/09/15,TX,外資,52382,176570699,55786,188031327,-3404,-11460627,29206,98740944,30675,103705876,-1469,-4964932
2023/09/15,TE,投信,0,0,4,13280,-4,-13280,196,650838,0,0,196,650838
2023/09/15,TE,外資,716,2367777,757,2503526,-41,-135749,368,1222107,937,3111428,-569,-1889321
2023/09/15,MTX,外資,71467,60210938,77686,65441687,-6219,-5230749,9842,8318511,5503,4651178,4339,3667333
2023/09/15,MTX,自營商,12302,10366567,12025,10131647,277,234920,14736,12454469,7532,6362715,7204,6091754
2023/09/15,TX,自營商,11540,38896343,9483,31972015,2057,6924328,5775,19522234,7926,26794807,-2151,-7272573
2023/09/15,MTX,投信,15,12678,12,10142,3,2536,174,147070,12,10144,162,136926
2023/09/15,NQF,自營商,80,61868,33,25505,47,36362,11,8645,6,4716,5,3929
2023/09/15,NQF,外資,1831,1419031,1790,1386002,41,33029,108,84883,452,355249,-344,-270366
2023/09/18,TX,自營商,17005,57031924,14771,49523148,2234,7508777,8393,28052168,8903,29765514,-510,-1713346
2023/09/15,NQF,投信,0,0,0,0,0,0,0,0,0,0,0,0
2023/09/18,TX,投信,14805,49591770,14410,48264936,395,1326834,13804,46160649,11460,38323045,2344,7837604
2023/09/18,TX,外資,86680,290585379,92022,308544115,-5342,-17958736,26792,89591532,33603,112360685,-6811,-22769153
2023/09/18,TE,外資,1011,3312364,1016,3329128,-5,-16764,358,1169289,932,3043010,-574,-1873721
2023/09/18,TE,自營商,429,1405136,456,1494447,-27,-89311,162,529122,345,1126865,-183,-597743
2023/09/18,MTX,投信,63,52719,59,49320,4,3399,181,151327,15,12545,166,138782
2023/09/18,MTX,自營商,15175,12727335,23363,19600534,-8188,-6873198,9849,8231129,8461,7069427,1388,1161702
2023/09/18,MTX,外資,78011,65426264,90225,75686239,-12214,-10259975,2513,2099886,10388,8681706,-7875,-6581820
2023/09/18,NQF,自營商,0,0,6,4628,-6,-4628,6,4623,6,4623,0,0
2023/09/18,NQF,投信,0,0,0,0,0,0,0,0,0,0,0,0
2023/09/18,NQF,外資,999,773355,1892,1467194,-893,-693840,89,68602,1235,951506,-1146,-882904
2023/09/19,TX,自營商,16268,54278625,15870,52937922,398,1340703,8770,29131559,8895,29553884,-125,-422325
2023/09/18,TE,投信,34,111353,38,124305,-4,-12951,192,626971,0,0,192,626971
2023/09/19,TX,投信,10275,34264118,10610,35381045,-335,-1116927,13581,45145924,11572,38467450,2009,6678474
2023/09/19,TE,投信,118,383895,120,389662,-2,-5767,190,615934,0,0,190,615934
2023/09/19,TE,自營商,388,1263729,436,1419764,-48,-156035,151,489018,454,1470980,-303,-981962
2023/09/19,TX,外資,69092,230529193,70680,235835140,-1588,-5305947,25366,84307922,33765,112218714,-8399,-27910792
2023/09/19,TE,外資,985,3207526,972,3166448,13,41078,364,1179128,925,2995093,-561,-1815965
2023/09/19,MTX,自營商,14966,12488795,17877,14913615,-2911,-2424819,9180,7623064,10651,8845930,-1471,-1222866
2023/09/19,MTX,外資,75262,62813682,78526,65534225,-3264,-2720542,1587,1317710,12726,10570269,-11139,-9252559
2023/09/19,MTX,投信,62,51609,63,52392,-1,-783,181,150420,16,13297,165,137123
2023/09/19,NQF,自營商,0,0,45,34636,-45,-34636,6,4617,51,39247,-45,-34630
2023/09/19,NQF,外資,1214,935880,882,679493,332,256387,125,96501,939,722607,-814,-626106
2023/09/19,NQF,投信,0,0,0,0,0,0,0,0,0,0,0,0
2023/09/20,TX,自營商,17729,58826616,18602,61730971,-873,-2904355,3048,10097423,4514,14953667,-1466,-4856244
2023/09/20,TX,投信,428,1418794,203,672692,225,746102,13857,45908241,11623,38506999,2234,7401242
2023/09/20,TE,自營商,361,1169319,313,1012983,48,156336,46,148626,304,982224,-258,-833598
2023/09/20,TX,外資,55284,183485974,54640,181335491,644,2150483,22161,73419397,28326,93844038,-6165,-20424641
2023/09/20,TE,投信,38,123192,38,123028,0,164,190,613890,0,0,190,613890
2023/09/20,TE,外資,927,3002044,1086,3517412,-159,-515368,196,633276,503,1625193,-307,-991917
2023/09/20,MTX,自營商,17025,14120248,18243,15134074,-1218,-1013826,2265,1875559,8373,6932919,-6108,-5057360
2023/09/20,MTX,外資,70454,58463790,71118,59007067,-664,-543277,921,762813,10533,8723936,-9612,-7961123
2023/09/20,NQF,外資,1319,1012233,1070,820717,249,191516,136,104791,701,538228,-565,-433437
2023/09/20,NQF,自營商,20,15288,88,67366,-68,-52078,4,3071,117,89833,-113,-86762
2023/09/21,TX,投信,673,2195568,264,861451,409,1334117,14288,46610314,11645,37988319,2643,8621995
2023/09/20,MTX,投信,0,0,6,4980,-6,-4980,177,146600,18,14909,159,131691
2023/09/20,NQF,投信,0,0,0,0,0,0,0,0,0,0,0,0
2023/09/21,TE,投信,0,0,0,0,0,0,190,604998,0,0,190,604998
2023/09/21,TX,外資,60095,197324513,65616,215355115,-5521,-18030602,22686,74006418,35889,117077225,-13203,-43070807
2023/09/21,TX,自營商,11093,36371331,10269,33679970,824,2691361,4592,14979787,5434,17726281,-842,-2746494
2023/09/21,TE,外資,900,2872149,950,3032868,-50,-160719,234,745103,591,1881862,-357,-1136759
2023/09/21,TE,自營商,247,789063,235,750877,12,38186,31,98708,341,1085812,-310,-987104
2023/09/21,MTX,自營商,11847,9726883,12639,10368919,-792,-642036,5379,4386762,11479,9361478,-6100,-4974716
2023/09/21,MTX,投信,13,10603,9,7340,4,3263,183,149246,20,16311,163,132935
2023/09/21,NQF,投信,0,0,0,0,0,0,0,0,0,0,0,0
2023/09/21,NQF,外資,1096,840030,1629,1247288,-533,-407259,130,98486,1228,926833,-1098,-828347
2023/09/21,MTX,外資,83890,68941522,100584,82605014,-16694,-13663492,5,4078,20243,16509242,-20238,-16505164
2023/09/21,NQF,自營商,33,25388,156,119449,-123,-94061,4,3019,240,181140,-236,-178121
2023/09/22,TX,自營商,8075,26316211,7994,26042287,81,273924,4940,16146956,5748,18787490,-808,-2640534
2023/09/22,TX,投信,378,1235178,187,610237,191,624941,14478,47325686,11644,38061907,2834,9263779
2023/09/22,TE,自營商,222,705214,157,498152,65,207062,68,216757,331,1055096,-263,-838339
2023/09/22,TX,外資,54264,176767142,51685,168385719,2579,8381423,21558,70468693,32171,105160433,-10613,-34691740
2023/09/22,TE,外資,874,2774780,823,2612693,51,162087,258,822401,564,1797806,-306,-975405
2023/09/22,TE,投信,0,0,0,0,0,0,190,605644,0,0,190,605644
2023/09/22,MTX,自營商,9390,7647873,9040,7358536,350,289337,3941,3220281,9503,7762768,-5562,-4542487
2023/09/22,MTX,投信,0,0,4,3255,-4,-3255,179,146279,20,16344,159,129935
2023/09/22,MTX,外資,84089,68472735,77698,63276247,6391,5196488,1333,1089315,15224,12441036,-13891,-11351721
2023/09/22,NQF,自營商,15,11192,194,144810,-179,-133618,0,0,415,309652,-415,-309652
2023/09/25,TX,自營商,6880,22588061,8262,27133515,-1382,-4545454,3934,12953316,6009,19786136,-2075,-6832820
2023/09/25,TX,投信,530,1745187,169,556485,361,1188702,14560,47946080,11365,37424945,3195,10521135
2023/09/25,TE,自營商,144,461620,131,419792,13,41829,81,260188,334,1072875,-253,-812687
2023/09/25,TE,投信,0,0,0,0,0,0,190,610318,0,0,190,610318
2023/09/22,NQF,投信,0,0,0,0,0,0,0,0,0,0,0,0
2023/09/22,NQF,外資,1305,977833,1655,1238481,-350,-260648,129,96517,1577,1176679,-1448,-1080162
2023/09/25,TE,外資,647,2075175,689,2210332,-42,-135157,201,645652,549,1763498,-348,-1117846
2023/09/25,MTX,自營商,11327,9297964,8461,6942906,2866,2355058,5392,4437930,8548,7033208,-3156,-2595278
2023/09/25,MTX,投信,0,0,2,1642,-2,-1642,177,145715,20,16465,157,129250
2023/09/25,MTX,外資,78135,64086524,68087,55840774,10048,8245750,5159,4247086,9010,7417360,-3851,-3170274
2023/09/25,TX,外資,48013,157569139,42439,139276722,5574,18292417,22773,74991293,27810,91578054,-5037,-16586761
2023/09/25,NQF,自營商,41,30733,109,81491,-68,-50758,0,0,483,360463,-483,-360463
2023/09/25,NQF,投信,0,0,0,0,0,0,0,0,0,0,0,0
2023/09/25,NQF,外資,1402,1049318,1079,806220,323,243098,133,99575,1258,938845,-1125,-839270
2023/09/26,TX,自營商,12523,40959390,10761,35182449,1762,5776941,4925,16060176,5339,17409983,-414,-1349807
2023/09/26,TX,外資,53163,173897236,54259,177496070,-1096,-3598834,21111,68843075,27227,88787365,-6116,-19944290
2023/09/26,TE,自營商,135,430311,163,519272,-28,-88961,68,216054,375,1191452,-307,-975398
2023/09/26,TE,外資,609,1939649,575,1832002,34,107646,230,730756,544,1728397,-314,-997641
2023/09/26,MTX,自營商,12874,10527264,13621,11140553,-747,-613289,7215,5881839,10714,8732824,-3499,-2850985
2023/09/26,TX,投信,94,306482,515,1678831,-421,-1372349,14413,47000793,11639,37954779,2774,9046014
2023/09/26,TE,投信,0,0,8,25436,-8,-25436,182,578250,0,0,182,578250
2023/09/26,MTX,投信,0,0,0,0,0,0,177,144299,20,16305,157,127994
2023/09/26,NQF,自營商,29,21611,44,32697,-15,-11086,0,0,498,370562,-498,-370562
2023/09/26,MTX,外資,79486,65031973,86054,70404927,-6568,-5372954,1973,1608482,12460,10158015,-10487,-8549533
2023/09/26,NQF,投信,0,0,0,0,0,0,0,0,0,0,0,0
2023/09/27,TX,自營商,10139,33022540,9972,32473883,167,548657,5193,16940102,5497,17931263,-304,-991161
2023/09/26,NQF,外資,1520,1130545,1471,1094002,49,36544,123,91760,1199,892176,-1076,-800416
2023/09/27,TX,外資,50761,165308144,52900,172283684,-2139,-6975539,19878,64846062,28127,91755907,-8249,-26909845
2023/09/27,MTX,自營商,9702,7900424,10702,8713590,-1000,-813166,4574,3730193,8547,6967710,-3973,-3237517
2023/09/27,TE,外資,637,2020326,701,2224450,-64,-204123,210,667968,588,1870310,-378,-1202342
2023/09/27,TE,投信,0,0,0,0,0,0,182,578906,0,0,182,578906
2023/09/27,MTX,投信,2,1631,0,0,2,1631,179,145983,20,16311,159,129672
2023/09/27,TX,投信,128,417607,119,387236,9,30371,14430,47073546,11647,37994843,2783,9078703
2023/09/27,MTX,外資,80602,65627180,80552,65580730,50,46450,862,703046,11564,9431026,-10702,-8727980
2023/09/27,NQF,自營商,22,16350,53,39331,-31,-22981,0,0,529,390693,-529,-390693
2023/09/27,NQF,投信,0,0,0,0,0,0,0,0,0,0,0,0
2023/09/28,TX,投信,317,1037698,88,287531,229,750167,14421,47205701,11409,37346221,3012,9859480
2023/09/27,NQF,外資,1411,1043567,1959,1450066,-548,-406498,48,35450,1672,1234985,-1624,-1199535
2023/09/28,TX,自營商,8919,29166467,8462,27667778,457,1498690,5517,18059181,5345,17495630,172,563551
2023/09/28,TX,外資,56892,185978577,58731,192023700,-1839,-6045123,18970,62096492,29054,95105396,-10084,-33008904
2023/09/28,TE,自營商,145,463212,214,682413,-69,-219201,43,137402,383,1223838,-340,-1086436
2023/09/28,MTX,投信,1,818,0,0,1,818,179,146485,19,15549,160,130936
2023/09/28,TE,外資,830,2650652,766,2447581,64,203071,224,715770,538,1719125,-314,-1003355
2023/09/28,MTX,自營商,11239,9187431,10322,8436235,917,751196,4567,3737353,7699,6298189,-3132,-2560836
2023/09/28,TE,投信,0,0,0,0,0,0,182,581563,0,0,182,581563
2023/09/28,MTX,外資,92633,75705584,91065,74419256,1568,1286328,2158,1766107,11308,9253894,-9150,-7487787
2023/09/28,NQF,自營商,27,19953,94,69422,-67,-49469,0,0,596,440653,-596,-440653
2023/09/28,NQF,外資,1731,1277001,1765,1301382,-34,-24381,3,2235,1661,1228060,-1658,-1225825
2023/09/28,NQF,投信,0,0,0,0,0,0,0,0,0,0,0,0
2023/09/27,TE,自營商,200,634834,176,558101,24,76733,82,260828,355,1129185,-273,-868357
2023/10/02,TX,外資,56715,187119842,53643,176970389,3072,10149454,21184,70144461,28196,93362451,-7012,-23217990
2023/10/02,TX,投信,543,1798075,0,0,543,1798075,14626,48429611,11071,36658295,3555,11771316
2023/10/02,TX,自營商,8502,28081918,9401,31050836,-899,-2968918,5323,17624827,6281,20796472,-958,-3171645
2023/10/02,TE,外資,1020,3314848,1012,3289067,8,25781,326,1059956,632,2054885,-306,-994929
2023/10/02,TE,投信,6,19580,0,0,6,19580,188,611263,0,0,188,611263
2023/10/02,MTX,投信,5,4139,0,0,5,4139,179,148176,14,11589,165,136587
2023/10/02,TE,自營商,249,808527,208,676126,41,132401,111,360918,396,1287555,-285,-926637
2023/10/02,MTX,自營商,11966,9871305,11323,9340074,643,531231,5718,4733089,7283,6025972,-1565,-1292883
2023/10/02,MTX,外資,85762,70684823,77516,63868236,8246,6816587,6897,5709378,7801,6457581,-904,-748203
2023/10/02,NQF,自營商,49,36444,12,8830,37,27615,0,0,559,417769,-559,-417769
2023/10/02,NQF,投信,0,0,0,0,0,0,0,0,0,0,0,0
2023/10/03,TX,自營商,12020,39664715,10268,33884499,1752,5780216,6452,21176808,5685,18658687,767,2518121
2023/10/03,TX,投信,39,128041,259,850490,-220,-722449,14571,47824936,11236,36878799,3335,10946137
2023/10/03,TE,投信,0,0,2,6457,-2,-6457,186,600185,0,0,186,600185
2023/10/02,NQF,外資,2065,1531283,1835,1358919,230,172364,36,27295,1464,1094120,-1428,-1066825
2023/10/03,TX,外資,56757,187333041,59590,196669993,-2833,-9336951,19886,65270520,29723,97557402,-9837,-32286882
2023/10/03,TE,外資,699,2270206,744,2415878,-45,-145672,282,909958,633,2042564,-351,-1132606
2023/10/03,TE,自營商,191,619505,199,645317,-8,-25812,92,296878,380,1226185,-288,-929307
2023/10/03,MTX,外資,83892,69228463,95381,78701337,-11489,-9472874,2223,1824147,14648,12019491,-12425,-10195344
2023/10/03,MTX,自營商,13264,10942738,12374,10206607,890,736132,6223,5106725,6790,5570270,-567,-463545
2023/10/03,NQF,自營商,31,23221,21,15674,10,7547,8,5977,557,416163,-549,-410186
2023/10/03,MTX,投信,2,1653,8,6567,-6,-4914,176,144417,17,13949,159,130468
2023/10/03,NQF,外資,2459,1839197,2119,1583533,340,255664,46,34844,1134,847268,-1088,-812424
2023/10/04,TX,自營商,14504,47215060,15452,50287471,-948,-3072411,5810,18877600,6124,19896946,-314,-1019346
2023/10/03,NQF,投信,0,0,0,0,0,0,0,0,0,0,0,0
2023/10/04,TX,外資,71712,233506831,69244,225457183,2468,8049648,22047,71632301,30518,99154201,-8471,-27521900
2023/10/04,TX,投信,243,789837,689,2238845,-446,-1449009,14461,46983789,11572,37597428,2889,9386361
2023/10/04,TE,外資,834,2663366,845,2699633,-11,-36267,254,811784,616,1968736,-362,-1156952
2023/10/04,TE,自營商,194,620578,203,648725,-9,-28147,59,188588,389,1243247,-330,-1054659
2023/10/04,TE,投信,0,0,0,0,0,0,186,594456,0,0,186,594456
2023/10/04,MTX,自營商,13544,11024552,16234,13216297,-2690,-2191745,5320,4321117,8180,6644206,-2860,-2323089
2023/10/04,MTX,投信,0,0,0,0,0,0,176,142956,17,13808,159,129148
2023/10/04,MTX,外資,96999,78988887,104052,84720189,-7053,-5731303,1497,1216085,16527,13424239,-15030,-12208154
2023/10/04,NQF,外資,2129,1580329,2538,1882769,-409,-302440,42,31152,1539,1128164,-1497,-1097012
2023/10/04,NQF,自營商,13,9566,39,28778,-26,-19212,3,2199,578,423703,-575,-421504
2023/10/05,TX,自營商,9454,30962265,10182,33384994,-728,-2422729,5789,19054413,6822,22453791,-1033,-3399378
2023/10/05,TX,投信,427,1405783,147,479393,280,926390,14531,47827333,11362,37396887,3169,10430446
2023/10/05,TE,投信,0,0,0,0,0,0,186,602975,0,0,186,602975
2023/10/05,TX,外資,65552,214659512,61217,200439901,4335,14219611,25429,83699092,28023,92235864,-2594,-8536772
2023/10/05,TE,自營商,220,710121,157,506395,63,203726,95,307999,361,1170293,-266,-862294
2023/10/05,TE,外資,697,2250520,740,2389671,-43,-139151,238,771548,643,2084477,-405,-1312929
2023/10/05,MTX,自營商,16256,13320038,11184,9158284,5072,4161754,10283,8462244,8107,6668774,2176,1793470
2023/10/04,NQF,投信,0,0,0,0,0,0,0,0,0,0,0,0
2023/10/05,MTX,外資,104280,85348036,87185,71313508,17095,14034527,6309,5191584,10412,8567607,-4103,-3376023
2023/10/05,MTX,投信,1,823,0,0,1,823,176,144822,16,13166,160,131656
2023/10/05,NQF,自營商,44,32679,87,64837,-43,-32158,0,0,618,461152,-618,-461152
2023/10/06,TX,自營商,7647,25205559,7400,24406442,247,799117,5970,19735246,6885,22759158,-915,-3023912
2023/10/06,TX,投信,315,1039041,145,479299,170,559741,14470,47832032,11131,36794634,3339,11037398
2023/10/05,NQF,外資,2562,1898391,1902,1409054,660,489337,22,16515,859,640986,-837,-624471
2023/10/05,NQF,投信,0,0,0,0,0,0,0,0,0,0,0,0
2023/10/06,TE,投信,0,0,4,13009,-4,-13009,182,592010,0,0,182,592010
2023/10/06,TX,外資,51819,170849605,53281,175614750,-1462,-4765145,24742,81789210,28800,95202225,-4058,-13413015
2023/10/06,TE,外資,737,2396754,673,2188281,64,208473,247,803442,588,1912646,-341,-1109204
2023/10/06,MTX,自營商,9648,7952034,9521,7843395,127,108639,9599,7933217,6780,5601199,2819,2332018
2023/10/06,MTX,投信,1,826,0,0,1,826,176,145446,15,12396,161,133050
2023/10/06,TE,自營商,198,643686,196,636905,2,6781,90,292774,364,1184022,-274,-891248
2023/10/06,MTX,外資,84775,69865423,83580,68844181,1195,1021243,7662,6332119,10570,8735182,-2908,-2403063
2023/10/06,NQF,自營商,37,27468,31,22993,6,4475,8,5943,620,460598,-612,-454655
2023/10/06,NQF,投信,0,0,0,0,0,0,0,0,0,0,0,0
2023/10/06,NQF,外資,1680,1247628,1965,1458717,-285,-211088,15,11144,1137,844889,-1122,-833745
2023/10/11,TX,投信,460,1537465,10,33425,450,1504040,14645,48955324,10856,36289437,3789,12665887
2023/10/11,TE,自營商,241,792313,179,588174,62,204139,105,345222,314,1032309,-209,-687087
2023/10/11,TX,自營商,14821,49395385,14701,49005982,120,389403,5599,18716980,5968,19950349,-369,-1233369
2023/10/11,TX,外資,69282,230687177,69256,230598577,26,88601,25556,85431756,29588,98907904,-4032,-13476148
2023/10/11,TE,投信,0,0,8,26297,-8,-26297,174,572042,0,0,174,572042
2023/10/11,TE,外資,726,2388573,744,2448330,-18,-59756,257,844918,616,2025162,-359,-1180244
2023/10/11,MTX,自營商,19543,16272844,15503,12900331,4040,3372513,10494,8771156,5508,4601422,4986,4169734
2023/10/11,MTX,外資,102712,85395743,98597,81956453,4115,3439290,9202,7690530,7765,6489369,1437,1201161
2023/10/11,MTX,投信,4,3340,0,0,4,3340,180,150428,15,12536,165,137892
2023/10/11,NQF,自營商,218,166272,26,19619,192,146653,29,22173,449,343305,-420,-321132
2023/10/11,NQF,投信,0,0,0,0,0,0,0,0,0,0,0,0
2023/10/12,TX,自營商,8654,29014170,9003,30205401,-349,-1191231,6061,20423901,6727,22668956,-666,-2245055
2023/10/12,TX,外資,51726,173393557,50307,168581545,1419,4812013,31391,105782064,32268,108732358,-877,-2950294
2023/10/11,NQF,外資,2899,2167732,2510,1871781,389,295952,15,11615,748,571921,-733,-560306
2023/10/12,TX,投信,223,751399,198,667162,25,84237,14449,48687374,10635,35835696,3814,12851678
2023/10/12,TE,投信,26,86348,27,89610,-1,-3261,173,574388,0,0,173,574388
2023/10/12,TE,自營商,259,856734,144,476308,115,380427,157,521252,250,830020,-93,-308768
2023/10/12,MTX,自營商,12422,10421030,11049,9261649,1373,1159381,13529,11400051,7378,6213682,6151,5186369
2023/10/12,TE,外資,501,1657089,536,1772666,-35,-115576,261,866506,655,2174471,-394,-1307965
2023/10/12,MTX,外資,74585,62481816,68371,57239410,6214,5242405,7258,6114887,6551,5518769,707,596118
2023/10/12,MTX,投信,57,48051,54,45478,3,2573,180,151664,12,10109,168,141555
2023/10/12,NQF,自營商,67,51412,68,52091,-1,-679,19,14658,440,339438,-421,-324780
2023/10/12,NQF,外資,1681,1289369,1373,1052343,308,237026,170,131541,595,459013,-425,-327472
2023/10/13,TX,自營商,11812,39631844,10535,35346955,1277,4284888,6723,22552102,6075,20382887,648,2169215
2023/10/12,NQF,投信,0,0,0,0,0,0,0,0,0,0,0,0
2023/10/13,TX,投信,232,779139,328,1101257,-96,-322118,14462,48508984,10744,36038085,3718,12470899
2023/10/13,TX,外資,55764,187089552,55355,185745726,409,1343826,32482,108974620,32950,110527255,-468,-1552635
2023/10/13,TE,自營商,208,688676,224,741350,-16,-52674,160,529992,265,877830,-105,-347838
2023/10/13,TE,外資,661,2187677,688,2276806,-27,-89129,277,917559,698,2311818,-421,-1394259
2023/10/13,MTX,自營商,11508,9653660,13327,11178514,-1819,-1524854,7708,6464310,3524,2954165,4184,3510145
2023/10/13,MTX,外資,70925,59491076,77833,65291321,-6908,-5800245,4601,3859503,10802,9058415,-6201,-5198912
2023/10/13,MTX,投信,46,38603,47,39418,-1,-815,180,151027,13,10914,167,140113
2023/10/13,NQF,自營商,70,53845,65,49973,5,3872,14,10727,430,329466,-416,-318739
2023/10/13,TE,投信,1,3315,2,6624,-1,-3309,172,569745,0,0,172,569745
2023/10/16,TX,自營商,15488,51629254,15700,52323916,-212,-694662,8056,26830225,7533,25088834,523,1741391
2023/10/13,NQF,外資,1655,1274872,2057,1582495,-402,-307622,73,56609,900,689580,-827,-632971
2023/10/13,NQF,投信,0,0,0,0,0,0,0,0,0,0,0,0
2023/10/16,TX,投信,13111,43646208,13611,45309907,-500,-1663698,14137,47091823,10919,36377233,3218,10714590
2023/10/16,TE,投信,67,219561,67,219309,0,251,172,563457,0,0,172,563457
2023/10/16,TX,外資,92748,309121931,93714,312381778,-966,-3259847,31454,104783640,32874,109506622,-1420,-4722982
2023/10/16,TE,自營商,389,1275566,363,1190692,26,84874,182,595828,268,877759,-86,-281931
2023/10/16,MTX,自營商,12282,10242586,15419,12859217,-3137,-2616631,6538,5443078,5839,4861443,699,581635
2023/10/16,MTX,投信,28,23330,12,9988,16,13342,199,165739,16,13330,183,152409
2023/10/16,MTX,外資,89177,74357985,94280,78626720,-5103,-4268735,969,806759,12329,10263742,-11360,-9456983
2023/10/16,TE,外資,1258,4123378,1186,3887960,72,235418,311,1018989,660,2161465,-349,-1142476
2023/10/16,NQF,自營商,147,111476,72,54616,75,56861,19,14391,360,272664,-341,-258273
2023/10/16,NQF,投信,0,0,0,0,0,0,0,0,0,0,0,0
2023/10/16,NQF,外資,1962,1494227,2337,1779228,-375,-285001,0,0,1202,910528,-1202,-910528
2023/10/17,TX,外資,73899,246968476,73706,246347457,193,621019,30089,100315746,31315,104388760,-1226,-4073014
2023/10/17,TE,投信,71,234036,75,246910,-4,-12874,168,552738,0,0,168,552738
2023/10/17,TX,自營商,13971,46685260,15416,51497214,-1445,-4811954,6050,20150346,7025,23407551,-975,-3257205
2023/10/17,TE,外資,949,3128960,965,3182136,-16,-53176,307,1009790,672,2208648,-365,-1198858
2023/10/17,TX,投信,9545,31866169,9411,31412484,134,453685,14384,47956675,11032,36789398,3352,11167277
2023/10/17,TE,自營商,494,1628798,503,1658568,-9,-29770,163,535673,301,990038,-138,-454365
2023/10/17,MTX,自營商,14108,11791297,15859,13251082,-1751,-1459785,6900,5744976,7740,6446756,-840,-701780
2023/10/17,MTX,投信,84,70048,80,66616,4,3432,203,169238,16,13339,187,155899
2023/10/17,MTX,外資,76771,64168483,74270,62074204,2501,2094280,2558,2131365,11421,9509228,-8863,-7377863
2023/10/17,NQF,自營商,37,28289,46,35052,-9,-6763,0,0,350,267295,-350,-267295
2023/10/17,NQF,外資,1870,1425733,1402,1068553,468,357180,25,19299,759,579648,-734,-560349
2023/10/17,NQF,投信,0,0,0,0,0,0,0,0,0,0,0,0
2023/10/18,TX,投信,815,2689924,1183,3900055,-368,-1210130,12699,41825426,11322,37290139,1377,4535287
2023/10/18,TX,外資,70241,232733097,76732,254206757,-6491,-21473660,23137,76204431,31303,103099918,-8166,-26895487
2023/10/18,TX,自營商,23795,78789845,22597,74839492,1198,3950353,3490,11495278,5104,16809608,-1614,-5314330
2023/10/18,TE,自營商,398,1295325,417,1357169,-19,-61845,46,148424,279,900221,-233,-751797
2023/10/18,TE,外資,855,2778564,918,2983556,-63,-204992,362,1168029,457,1474556,-95,-306527
2023/10/18,MTX,自營商,24065,19931313,29692,24586506,-5627,-4655194,1948,1604038,11945,9834361,-9997,-8230323
2023/10/18,MTX,外資,97196,80575301,110763,91794125,-13567,-11218824,1757,1446713,6063,4992177,-4306,-3545464
2023/10/18,MTX,投信,14,11530,29,23879,-15,-12349,185,152329,16,13174,169,139155
2023/10/18,TE,投信,3,9719,3,9700,0,20,168,542069,0,0,168,542069
2023/10/18,NQF,外資,2249,1710451,2108,1603370,141,107081,35,26886,628,477688,-593,-450802
2023/10/18,NQF,自營商,72,54953,113,85991,-41,-31038,8,6085,399,303499,-391,-297414
2023/10/18,NQF,投信,0,0,0,0,0,0,0,0,0,0,0,0
2023/10/19,TX,外資,61166,201093895,58306,191682772,2860,9411123,23404,77050991,28710,94519339,-5306,-17468348
2023/10/19,TE,自營商,309,998566,245,791176,64,207390,103,333783,275,891123,-172,-557340
2023/10/19,TE,外資,803,2596229,876,2832072,-73,-235844,305,988322,473,1532709,-168,-544387
2023/10/19,TX,自營商,7413,24371402,7922,26048580,-509,-1677178,3431,11295939,5810,19126430,-2379,-7830491
2023/10/19,MTX,自營商,7568,6219626,8748,7188730,-1180,-969104,3435,2827018,13588,11181547,-10153,-8354529
2023/10/19,TX,投信,230,757181,1,3292,229,753890,12929,42564854,11323,37277581,1606,5287273
2023/10/19,TE,投信,0,0,3,9722,-3,-9722,165,534666,0,0,165,534666
2023/10/19,MTX,投信,0,0,6,4938,-6,-4938,179,147326,16,13169,163,134157
2023/10/19,MTX,外資,89437,73504146,87179,71640043,2258,1864104,1815,1493839,3863,3179332,-2048,-1685493
2023/10/19,NQF,自營商,56,42164,59,44567,-3,-2403,10,7505,404,303182,-394,-295677
2023/10/20,TX,自營商,11943,39180400,12120,39751080,-177,-570680,4818,15817364,7301,23966588,-2483,-8149224
2023/10/19,NQF,外資,2035,1538122,2183,1649514,-148,-111392,8,6004,749,562126,-741,-556122
2023/10/19,NQF,投信,0,0,0,0,0,0,0,0,0,0,0,0
2023/10/20,TX,外資,87907,288770125,87191,286379249,716,2390877,22875,75094357,27454,90126369,-4579,-15032012
2023/10/20,TX,投信,574,1884546,333,1091801,241,792746,13176,43254173,11329,37190841,1847,6063332
2023/10/20,TE,自營商,319,1033057,328,1062720,-9,-29663,123,399439,278,902781,-155,-503342
2023/10/20,TE,外資,1474,4765596,1523,4921797,-49,-156201,310,1006694,527,1711380,-217,-704686
2023/10/20,TE,投信,0,0,0,0,0,0,165,535821,0,0,165,535821
2023/10/20,MTX,外資,130213,106962988,131477,107957169,-1264,-994181,1714,1406677,5070,4160916,-3356,-2754239
2023/10/20,MTX,自營商,15305,12565930,15048,12341224,257,224706,5298,4348233,15486,12707727,-10188,-8359494
2023/10/20,MTX,投信,0,0,1,821,-1,-821,179,146905,17,13952,162,132953
2023/10/20,NQF,自營商,97,72964,247,185177,-150,-112213,20,14844,564,418601,-544,-403757
2023/10/23,TX,自營商,8314,27133564,7970,26008937,344,1124627,5554,18057824,7885,25634384,-2331,-7576560
2023/10/20,NQF,投信,0,0,0,0,0,0,0,0,0,0,0,0
2023/10/20,NQF,外資,3433,2579601,3699,2775610,-266,-196009,11,8164,1018,755876,-1007,-747712
2023/10/23,TX,外資,60209,196664035,65046,212459013,-4837,-15794978,23304,75766253,33783,109836360,-10479,-34070107
2023/10/23,TX,投信,296,963100,254,826337,42,136763,13368,43462042,11479,37320525,1889,6141517
2023/10/23,TE,投信,0,0,0,0,0,0,165,528990,0,0,165,528990
2023/10/23,TE,自營商,188,606213,284,914464,-96,-308251,75,240470,361,1157379,-286,-916909
2023/10/23,TE,外資,695,2236604,663,2134515,32,102089,319,1022714,504,1615824,-185,-593110
2023/10/23,MTX,外資,89248,72910895,100373,81984358,-11125,-9073463,794,645365,11023,8959561,-10229,-8314196
2023/10/23,MTX,投信,1,813,0,0,1,813,180,146304,17,13818,163,132486
2023/10/23,MTX,自營商,7804,6370914,9615,7847767,-1811,-1476853,5124,4164996,16355,13292098,-11231,-9127102
2023/10/24,TX,自營商,10999,35762850,11001,35776952,-2,-14101,5741,18754257,8142,26594844,-2401,-7840587
2023/10/23,NQF,外資,1875,1385743,2026,1497358,-151,-111615,5,3679,1163,856214,-1158,-852535
2023/10/24,TE,投信,0,0,0,0,0,0,165,532191,0,0,165,532191
2023/10/24,TX,外資,81231,264072604,82649,268647021,-1418,-4574417,22825,74560314,34722,113423499,-11897,-38863185
2023/10/24,TX,投信,505,1647327,0,0,505,1647327,13765,44964749,11371,37144509,2394,7820240
2023/10/23,NQF,投信,0,0,0,0,0,0,0,0,0,0,0,0
2023/10/23,NQF,自營商,25,18435,52,38275,-27,-19840,27,19867,598,440008,-571,-420141
2023/10/24,TE,自營商,304,975457,229,733474,75,241983,97,312880,328,1057942,-231,-745062
2023/10/24,TE,外資,929,2978775,1002,3213199,-73,-234424,297,957944,555,1790097,-258,-832153
2023/10/24,MTX,外資,136460,110901307,131226,106591157,5234,4310150,808,659854,5803,4738927,-4995,-4079073
2023/10/24,MTX,投信,0,0,10,8166,-10,-8166,170,138831,17,13883,153,124948
2023/10/24,MTX,自營商,14044,11412482,13300,10804313,744,608169,3676,3001708,13891,11341327,-10215,-8339619
2023/10/24,NQF,自營商,53,39101,54,39684,-1,-583,30,22182,602,445119,-572,-422937
2023/10/24,NQF,投信,0,0,0,0,0,0,0,0,0,0,0,0
2023/10/24,NQF,外資,3023,2221889,2548,1872220,475,349669,6,4436,689,509670,-683,-505234
2023/10/25,TX,外資,64098,210155668,60376,197947255,3722,12208414,22014,72021097,30191,98773313,-8177,-26752216
2023/10/25,TX,自營商,10712,35134185,10733,35194581,-21,-60396,5769,18874561,8283,27096428,-2514,-8221867
2023/10/25,TX,投信,269,880866,69,226240,200,654626,13844,45292030,11250,36805500,2594,8486530
2023/10/25,TE,外資,739,2395562,730,2366455,9,29108,294,948385,543,1751609,-249,-803224
2023/10/25,MTX,自營商,12029,9863707,10998,9013408,1031,850298,2712,2218230,11641,9518120,-8929,-7299890
2023/10/25,TE,自營商,197,638068,158,511175,39,126893,111,358068,301,970970,-190,-612902
2023/10/25,MTX,外資,97326,79773546,93236,76402325,4090,3371221,3348,2738328,4086,3341919,-738,-603591
2023/10/25,MTX,投信,3,2454,0,0,3,2454,170,139043,14,11451,156,127592
2023/10/25,TE,投信,0,0,0,0,0,0,165,532257,0,0,165,532257
2023/10/25,NQF,自營商,55,40791,168,124409,-113,-83618,20,14777,705,520889,-685,-506112
2023/10/25,NQF,外資,2122,1572635,2118,1568259,4,4377,46,33987,725,535897,-679,-501910
2023/10/25,NQF,投信,0,0,0,0,0,0,0,0,0,0,0,0
2023/10/26,TX,外資,77856,251852606,82051,265367225,-4195,-13514618,23165,74434019,35549,114227376,-12384,-39793357
2023/10/26,TX,投信,304,976902,714,2295365,-410,-1318463,13760,44213632,11576,37196003,2184,7017629
2023/10/26,TE,自營商,279,886594,302,960005,-23,-73412,58,183013,317,1000266,-259,-817253
2023/10/26,TX,自營商,12596,40677034,11736,37916174,860,2760860,6249,20079765,8204,26358821,-1955,-6279056
2023/10/26,TE,投信,0,0,2,6318,-2,-6318,163,514330,0,0,163,514330
2023/10/26,TE,外資,933,2957801,938,2974095,-5,-16293,340,1072836,594,1874308,-254,-801472
2023/10/26,MTX,投信,0,0,0,0,0,0,170,136561,14,11246,156,125315
2023/10/26,MTX,自營商,13956,11290902,15098,12217980,-1142,-927079,6042,4853530,14909,11974261,-8867,-7120731
2023/10/26,NQF,投信,0,0,0,0,0,0,0,0,0,0,0,0
2023/10/26,MTX,外資,116105,94010791,130896,105959341,-14791,-11948551,804,645853,16285,13081833,-15481,-12435980
2023/10/26,NQF,自營商,5,3670,34,24873,-29,-21203,25,17909,739,529383,-714,-511474
2023/10/26,NQF,外資,2121,1548990,2808,2051439,-687,-502449,42,30087,1408,1009667,-1366,-979580
2023/10/27,TX,外資,70058,226063067,66813,215589048,3245,10474019,21160,68355324,30302,97887914,-9142,-29532590
2023/10/27,TX,投信,172,555635,13,41997,159,513639,13814,44624746,11471,37055918,2343,7568828
2023/10/27,TE,自營商,188,595672,193,610880,-5,-15208,69,218454,326,1032117,-257,-813663
2023/10/27,TE,外資,812,2572387,763,2418344,49,154043,307,971962,521,1649486,-214,-677524
2023/10/27,TE,投信,0,0,0,0,0,0,163,516058,0,0,163,516058
2023/10/27,TX,自營商,9125,29464510,8958,28915278,167,549232,5116,16527015,6840,22092777,-1724,-5565762
2023/10/27,MTX,外資,121171,97737128,108830,87774329,12341,9962799,3250,2624699,6378,5150869,-3128,-2526170
2023/10/27,MTX,投信,0,0,0,0,0,0,170,137292,14,11306,156,125986
2023/10/27,MTX,自營商,12273,9903931,10974,8852818,1299,1051113,3938,3180143,11762,9495377,-7824,-6315234
2023/10/27,NQF,自營商,2,1429,31,22184,-29,-20754,1,716,744,532778,-743,-532062
2023/10/27,NQF,投信,0,0,0,0,0,0,0,0,0,0,0,0
2023/10/27,NQF,外資,3041,2177350,3237,2316460,-196,-139111,1,716,1563,1120589,-1562,-1119873
2023/10/30,TX,自營商,8595,27759542,8160,26363006,435,1396536,5782,18688018,7086,22898969,-1304,-4210951
2023/10/30,TX,外資,63436,204923081,66784,215721621,-3348,-10798540,20899,67545991,33382,107892910,-12483,-40346919
2023/10/30,TE,自營商,258,819145,166,526027,92,293118,115,365033,275,872906,-160,-507873
2023/10/30,TE,外資,775,2460732,854,2712242,-79,-251510,285,904647,578,1834688,-293,-930041
2023/10/30,TX,投信,48,155329,5,16154,43,139175,13845,44747040,11459,37035488,2386,7711552
2023/10/30,TE,投信,1,3180,9,28563,-8,-25382,155,492001,0,0,155,492001
2023/10/30,MTX,外資,98903,79872417,100067,80792796,-1164,-920379,2294,1853539,6614,5344167,-4320,-3490628
2023/10/30,MTX,投信,0,0,0,0,0,0,170,137360,14,11312,156,126048
2023/10/30,MTX,自營商,10023,8091800,8976,7246427,1047,845373,3462,2797200,10179,8221910,-6717,-5424710
2023/10/30,NQF,自營商,1,717,26,18559,-25,-17842,0,0,768,550694,-768,-550694
2023/10/30,NQF,外資,2195,1574247,2110,1511371,85,62877,0,0,1477,1060021,-1477,-1060021
2023/10/30,NQF,投信,0,0,0,0,0,0,0,0,0,0,0,0
2023/10/31,TX,外資,67774,218499481,70588,227574618,-2814,-9075137,22035,70499305,37332,119442614,-15297,-48943309
2023/10/31,TX,投信,113,363113,391,1250724,-278,-887610,13853,44321288,11745,37576953,2108,6744335
2023/10/31,TX,自營商,11106,35777320,10307,33193378,799,2583942,6121,19584199,6758,21619407,-637,-2035208
2023/10/31,TE,自營商,201,634449,290,915675,-89,-281226,75,235110,358,1122272,-283,-887162
2023/10/31,MTX,自營商,11031,8886507,14009,11281175,-2978,-2394668,5812,4648513,14979,11979963,-9167,-7331450
2023/10/31,TE,投信,6,18825,0,0,6,18825,161,504703,0,0,161,504703
2023/10/31,TE,外資,936,2955097,893,2819346,43,135751,271,849531,521,1633231,-250,-783700
2023/10/31,MTX,外資,101802,82109487,111056,89554360,-9254,-7444874,1834,1466878,15408,12324204,-13574,-10857326
2023/10/31,MTX,投信,0,0,0,0,0,0,170,135975,14,11198,156,124777
2023/10/31,NQF,投信,0,0,0,0,0,0,0,0,0,0,0,0
2023/10/31,NQF,自營商,0,0,0,0,0,0,0,0,768,550694,-768,-550694
2023/10/31,NQF,外資,2254,1622649,1796,1292131,458,330518,19,13624,1038,745204,-1019,-731580
2023/11/01,TX,投信,795,2553202,11,35312,784,2517890,14326,45986460,11434,36703140,2892,9283320
2023/11/01,TX,自營商,9952,31948316,10266,32963700,-314,-1015384,5697,18287995,6725,21584558,-1028,-3296563
2023/11/01,TE,自營商,195,613603,182,572498,13,41105,68,213955,347,1091807,-279,-877852
2023/11/01,TX,外資,63517,203905673,61616,197796544,1901,6109129,22643,72684537,36039,115687865,-13396,-43003328
2023/11/01,MTX,自營商,12586,10102899,11932,9576048,654,526851,4166,3343233,12197,9786345,-8031,-6443112
2023/11/01,TE,投信,0,0,0,0,0,0,161,506570,0,0,161,506570
2023/11/01,TE,外資,661,2081048,654,2058915,7,22133,257,808625,500,1573200,-243,-764575
2023/11/01,MTX,投信,0,0,0,0,0,0,170,136425,14,11235,156,125190
2023/11/01,MTX,外資,95744,76843692,87782,70440720,7962,6402971,4005,3214086,9752,7826005,-5747,-4611919
2023/11/01,NQF,自營商,11,7936,28,20226,-17,-12290,0,0,785,567634,-785,-567634
2023/11/01,NQF,投信,0,0,0,0,0,0,0,0,0,0,0,0
2023/11/02,TX,自營商,8463,27553753,9713,31625077,-1250,-4071325,6640,21765827,8886,29122527,-2246,-7356700
2023/11/01,NQF,外資,2322,1674817,1914,1379546,408,295271,6,4339,617,446952,-611,-442613
2023/11/02,TX,外資,61688,200538463,55024,178843784,6664,21694679,27055,88681081,30959,101478563,-3904,-12797482
2023/11/02,TX,投信,762,2496745,33,108147,729,2388599,14555,47708379,10934,35839465,3621,11868914
2023/11/02,TE,投信,0,0,0,0,0,0,161,520191,0,0,161,520191
2023/11/02,TE,自營商,319,1023434,241,774436,78,248998,141,455578,305,985466,-164,-529888
2023/11/02,MTX,自營商,15392,12516252,12389,10068585,3003,2447667,6416,5258656,11572,9479733,-5156,-4221077
2023/11/02,MTX,投信,4,3278,2,1633,2,1645,170,139307,12,9833,158,129474
2023/11/02,TE,外資,1141,3662526,1142,3666575,-1,-4049,291,940221,535,1728585,-244,-788364
2023/11/02,MTX,外資,98885,80291047,73080,59310017,25805,20981030,10571,8662490,1825,1495457,8746,7167033
2023/11/02,NQF,自營商,137,100284,77,56887,60,43397,0,0,725,536863,-725,-536863
2023/11/02,NQF,投信,0,0,0,0,0,0,0,0,0,0,0,0
2023/11/03,TX,自營商,8758,28858507,9295,30639258,-537,-1780751,6831,22561923,9516,31424216,-2685,-8862293
2023/11/02,NQF,外資,2688,1964296,2357,1722722,331,241574,4,2962,284,210983,-280,-208021
2023/11/03,TX,投信,442,1457062,97,320362,345,1136700,14624,48300147,10658,35201242,3966,13098905
2023/11/03,TE,投信,4,12988,0,0,4,12988,165,535755,0,0,165,535755
2023/11/03,TX,外資,54772,180491583,51202,168701633,3570,11789950,28107,92831732,27445,90644922,662,2186810
2023/11/03,TE,自營商,131,425333,216,700805,-85,-275471,85,275995,334,1084498,-249,-808503
2023/11/03,MTX,投信,3,2477,0,0,3,2477,170,140369,9,7431,161,132938
2023/11/03,TE,外資,740,2401315,661,2145136,79,256179,304,987088,470,1526090,-166,-539002
2023/11/03,MTX,自營商,9603,7909755,8955,7377470,648,532285,7569,6249815,12469,10291653,-4900,-4041838
2023/11/03,MTX,外資,89428,73668277,84319,69443427,5109,4224850,12049,9948817,2178,1798331,9871,8150486
2023/11/03,NQF,自營商,87,65050,16,11951,71,53099,0,0,654,489421,-654,-489421
2023/11/03,NQF,投信,0,0,0,0,0,0,0,0,0,0,0,0
2023/11/06,TX,投信,1104,3682801,74,246732,1030,3436069,15628,52113129,10632,35453467,4996,16659662
2023/11/03,NQF,外資,1572,1174155,1251,933925,321,240230,235,175862,194,145571,41,30291
2023/11/06,TX,自營商,9552,31777756,10658,35474595,-1106,-3696838,6737,22463225,10426,34759120,-3689,-12295895
2023/11/06,TX,外資,62650,208534653,58582,194996813,4068,13537840,32334,107820478,26662,88904424,5672,18916054
2023/11/06,TE,外資,811,2663401,856,2811311,-45,-147911,300,984600,511,1677102,-211,-692502
2023/11/06,TE,投信,3,9878,2,6562,1,3315,166,544812,0,0,166,544812
2023/11/06,TE,自營商,308,1010437,178,583803,130,426634,163,534955,278,912385,-115,-377430
2023/11/06,MTX,自營商,12511,10408533,12506,10403651,5,4882,9083,7568800,14386,11986961,-5303,-4418161
2023/11/06,MTX,投信,0,0,0,0,0,0,170,141721,9,7503,161,134218
2023/11/06,MTX,外資,86630,72041568,78966,65656322,7664,6385246,15344,12791249,1577,1314358,13767,11476891
2023/11/06,NQF,自營商,237,178875,58,43955,179,134920,0,0,475,360644,-475,-360644
2023/11/06,NQF,投信,0,0,0,0,0,0,0,0,0,0,0,0
2023/11/07,TX,自營商,7253,24174819,7593,25312789,-340,-1137970,6633,22163529,10597,35404190,-3964,-13240661
2023/11/06,NQF,外資,1718,1296304,1536,1159789,182,136515,351,266497,128,97358,223,169139
2023/11/07,TX,投信,558,1864235,195,650875,363,1213360,15981,53402068,10622,35494475,5359,17907593
2023/11/07,TX,外資,47897,159667995,45630,152104168,2267,7563827,35981,120232917,28039,93692745,7942,26540172
2023/11/07,TE,自營商,182,598406,167,548173,15,50233,197,648702,287,945073,-90,-296371
2023/11/07,TE,投信,0,0,2,6572,-2,-6572,164,540052,0,0,164,540052
2023/11/07,TE,外資,701,2303098,686,2254168,15,48930,335,1103155,508,1672844,-173,-569689
2023/11/07,MTX,自營商,9079,7563320,9266,7717543,-187,-154224,9592,8011107,15342,12810285,-5750,-4799178
2023/11/07,MTX,投信,0,0,0,0,0,0,170,142018,9,7519,161,134499
2023/11/07,MTX,外資,67609,56342156,64267,53550291,3342,2791866,19222,16057807,2125,1774247,17097,14283560
2023/11/07,NQF,自營商,39,29666,0,0,39,29666,0,0,436,331578,-436,-331578
2023/11/08,TX,自營商,11283,37767532,9790,32782266,1493,4985266,6473,21686398,8820,29543435,-2347,-7857037
2023/11/08,TX,投信,231,774047,50,167496,181,606551,16160,54142418,10619,35577898,5541,18564520
2023/11/07,NQF,外資,821,624489,772,586844,49,37646,405,308003,133,101379,272,206624
2023/11/07,NQF,投信,0,0,0,0,0,0,0,0,0,0,0,0
2023/11/08,TX,外資,50769,169991592,53243,178255978,-2474,-8264386,36402,121960058,30934,103639689,5468,18320369
2023/11/08,TE,自營商,216,713777,186,614022,30,99755,259,856829,322,1065267,-63,-208438
2023/11/08,TE,外資,686,2267874,652,2155830,34,112044,391,1293584,515,1703826,-124,-410242
2023/11/08,MTX,投信,42,35178,38,31825,4,3352,173,144899,8,6701,165,138198
2023/11/08,MTX,自營商,12798,10708476,11052,9248534,1746,1459942,10972,9188329,14060,11772096,-3088,-2583767
2023/11/08,MTX,外資,75160,62907555,75782,63411815,-622,-504260,18718,15678026,1471,1232105,17247,14445921
2023/11/08,TE,投信,0,0,2,6615,-2,-6615,162,535961,0,0,162,535961
2023/11/08,NQF,投信,0,0,0,0,0,0,0,0,0,0,0,0
2023/11/08,NQF,自營商,199,152582,18,13839,181,138743,10,7677,265,203427,-255,-195750
2023/11/08,NQF,外資,1561,1194946,1329,1018034,232,176912,574,440672,70,53736,504,386936
2023/11/09,TX,外資,45698,153016770,46081,154286531,-383,-1269762,39350,131922104,34265,114874006,5085,17048098
2023/11/09,TE,自營商,206,681436,212,700466,-6,-19030,307,1016675,377,1248455,-70,-231780
2023/11/09,MTX,自營商,8856,7412490,7885,6599547,971,812943,11205,9389672,13358,11191591,-2153,-1801919
2023/11/09,TX,投信,428,1435110,550,1844128,-122,-409018,15688,52595476,10269,34427807,5419,18167669
2023/11/09,TX,自營商,6866,22985460,6796,22756389,70,229071,6351,21291613,8619,28888599,-2268,-7596986
2023/11/09,TE,外資,519,1715382,532,1758947,-13,-43565,379,1255111,516,1708889,-137,-453778
2023/11/09,MTX,外資,72561,60739567,71807,60098572,754,640996,19547,16382997,1546,1295731,18001,15087266
2023/11/09,TE,投信,0,0,0,0,0,0,162,536512,0,0,162,536512
2023/11/09,MTX,投信,8,6707,12,10051,-4,-3343,169,141638,8,6703,161,134935
2023/11/10,TX,自營商,13326,44514370,12649,42271486,677,2242884,7174,24007776,8751,29284710,-1577,-5276934
2023/11/09,NQF,自營商,117,89897,13,9979,104,79918,14,10766,165,126885,-151,-116119
2023/11/10,TX,投信,549,1834043,1154,3857701,-605,-2023658,15241,51003542,10427,34893220,4814,16110322
2023/11/09,NQF,外資,876,673340,1046,803108,-170,-129768,416,320101,82,63058,334,257043
2023/11/09,NQF,投信,0,0,0,0,0,0,0,0,0,0,0,0
2023/11/10,TX,外資,69096,230965768,65460,218801804,3636,12163965,41170,137787214,32449,108597873,8721,29189341
2023/11/10,TE,投信,0,0,0,0,0,0,162,536252,0,0,162,536252
2023/11/10,TE,自營商,243,801792,264,870949,-21,-69157,293,969869,387,1280951,-94,-311082
2023/11/10,TE,外資,779,2569325,772,2546407,7,22917,362,1198203,492,1628609,-130,-430406
2023/11/10,MTX,投信,4,3338,1,837,3,2501,173,144748,9,7533,164,137215
2023/11/10,MTX,自營商,14151,11830134,14231,11890455,-80,-60320,11394,9535704,13683,11443696,-2289,-1907992
2023/11/10,MTX,外資,82910,69313278,82341,68830391,569,482887,20320,17000465,1750,1464083,18570,15536382
2023/11/10,NQF,自營商,62,47692,44,33685,18,14007,15,11437,148,112843,-133,-101406
2023/11/10,NQF,投信,0,0,0,0,0,0,0,0,0,0,0,0
2023/11/10,NQF,外資,1053,808810,1291,990263,-238,-181452,181,138222,85,64808,96,73414
2023/11/13,TX,投信,14618,49350106,14492,48917305,126,432801,15104,50989248,10154,34278782,4950,16710466
2023/11/13,TX,外資,84199,284347047,89788,303259568,-5589,-18912521,38773,130889372,35641,120314986,3132,10574386
2023/11/13,TE,自營商,541,1813445,485,1626916,56,186529,264,885371,324,1086604,-60,-201233
2023/11/13,TE,外資,1001,3359571,1067,3580484,-66,-220914,366,1227480,562,1884789,-196,-657309
2023/11/13,TE,投信,88,295378,88,295337,0,41,162,543318,0,0,162,543318
2023/11/13,TX,自營商,17045,57605853,16484,55683063,561,1922789,5660,19102096,6749,22774824,-1089,-3672728
2023/11/13,MTX,外資,91646,77373543,98889,83510454,-7243,-6136911,13864,11697831,2537,2140516,11327,9557315
2023/11/13,MTX,自營商,17559,14828885,19145,16171607,-1586,-1342722,6088,5137792,9671,8155971,-3583,-3018179
2023/11/13,MTX,投信,93,78540,102,86085,-9,-7546,164,138425,9,7597,155,130828
2023/11/13,NQF,外資,2242,1722908,2385,1835953,-143,-113045,126,98011,173,134248,-47,-36237
2023/11/13,NQF,自營商,75,57688,45,34757,30,22931,20,15520,123,95448,-103,-79928
2023/11/14,TX,自營商,10926,37015985,13912,47148910,-2986,-10132925,4827,16363971,9359,31741822,-4532,-15377851
2023/11/14,TX,投信,9458,32086491,9849,33405365,-391,-1318874,14604,49559754,10045,34088592,4559,15471162
2023/11/13,NQF,投信,0,0,0,0,0,0,0,0,0,0,0,0
2023/11/14,TX,外資,66340,224796905,64234,217656408,2106,7140497,42849,145368642,37611,127597266,5238,17771376
2023/11/14,TE,自營商,469,1579448,425,1431089,44,148360,310,1044818,351,1183318,-41,-138500
2023/11/14,TE,投信,78,263070,72,242724,6,20346,168,566491,0,0,168,566491
2023/11/14,TE,外資,794,2674150,800,2694605,-6,-20454,386,1301472,588,1981970,-202,-680498
2023/11/14,MTX,自營商,10578,8958675,12233,10362848,-1655,-1404173,5242,4445501,8652,7329549,-3410,-2884048
2023/11/14,MTX,投信,35,29686,34,28802,1,884,163,138289,7,5939,156,132350
2023/11/14,MTX,外資,66393,56209435,63945,54136320,2448,2073115,15633,13251469,1858,1574625,13775,11676844
2023/11/14,NQF,自營商,53,41187,27,20983,26,20204,33,25686,110,85619,-77,-59933
2023/11/14,NQF,投信,0,0,0,0,0,0,0,0,0,0,0,0
2023/11/14,NQF,外資,992,770908,1009,784165,-17,-13257,29,22572,93,72437,-64,-49865
2023/11/15,TX,投信,497,1704979,1162,3986229,-665,-2281250,13707,47039683,9813,33676253,3894,13363430
2023/11/15,TX,自營商,19034,65201645,19750,67646177,-716,-2444532,2100,7206938,7907,27129701,-5807,-19922763
2023/11/15,TX,外資,70633,242013615,71336,244428244,-703,-2414629,37533,128805752,31943,109621989,5590,19183763
2023/11/15,TE,外資,1002,3408584,1035,3521481,-33,-112897,439,1493039,476,1618876,-37,-125837
2023/11/15,TE,自營商,348,1183037,365,1241370,-17,-58333,124,421724,271,921671,-147,-499947
2023/11/15,TE,投信,2,6785,2,6782,0,4,168,571368,0,0,168,571368
2023/11/15,MTX,投信,0,0,0,0,0,0,163,139846,7,6006,156,133840
2023/11/15,MTX,外資,89239,76396906,87796,75154361,1443,1242544,7223,6196974,751,644319,6472,5552655
2023/11/15,MTX,自營商,23347,19983290,22260,19055135,1087,928155,5384,4619495,5108,4378147,276,241348
2023/11/15,NQF,自營商,152,120436,92,72974,60,47462,46,36637,63,50176,-17,-13539
2023/11/16,TX,自營商,7208,24763124,7095,24380564,113,382560,2878,9892678,8527,29304383,-5649,-19411705
2023/11/15,NQF,投信,0,0,0,0,0,0,0,0,0,0,0,0
2023/11/16,TX,外資,58243,200171367,58365,200557361,-122,-385994,38964,133927170,33495,115129054,5469,18798116
2023/11/15,NQF,外資,1398,1104917,1364,1077829,34,27088,113,90285,143,113892,-30,-23607
2023/11/16,TX,投信,751,2580187,58,199360,693,2380827,14406,49516303,9819,33749867,4587,15766436
2023/11/16,TE,自營商,210,713660,183,621363,27,92297,153,519105,294,997484,-141,-478379
2023/11/16,TE,投信,1,3404,0,0,1,3404,169,573383,0,0,169,573383
2023/11/16,MTX,投信,0,0,2,1719,-2,-1719,163,140066,9,7734,154,132332
2023/11/16,TE,外資,499,1694073,527,1789390,-28,-95318,445,1509796,510,1730328,-65,-220532
2023/11/16,MTX,外資,83710,71933632,84687,72761449,-977,-827817,6601,5672265,1106,950398,5495,4721867
2023/11/16,MTX,自營商,7312,6281453,7548,6485196,-236,-203743,6207,5334766,6347,5450124,-140,-115358
2023/11/16,NQF,自營商,54,43084,73,57872,-19,-14788,37,29343,73,57893,-36,-28550
2023/11/16,NQF,投信,0,0,0,0,0,0,0,0,0,0,0,0
2023/11/16,NQF,外資,1075,856829,1234,982185,-159,-125355,89,71191,278,220468,-189,-149277
2023/11/17,TX,投信,624,2148951,61,210051,563,1938901,14979,51584680,9829,33849110,5150,17735570
2023/11/17,TX,外資,54884,188776876,56456,194165922,-1572,-5389046,41507,142941774,37610,129521318,3897,13420456
2023/11/17,TX,自營商,7101,24424543,6554,22546031,547,1878512,3461,11918958,8561,29476068,-5100,-17557110
2023/11/17,TE,投信,0,0,2,6793,-2,-6793,167,568401,0,0,167,568401
2023/11/17,TE,自營商,223,758302,165,560714,58,197589,180,612653,260,884937,-80,-272284
2023/11/17,TE,外資,504,1713782,544,1850146,-40,-136364,444,1511198,546,1858366,-102,-347168
2023/11/17,MTX,自營商,7837,6739368,8275,7115540,-438,-376172,7274,6262193,7860,6762305,-586,-500112
2023/11/17,MTX,外資,82039,70538089,81765,70289974,274,248115,6744,5806249,975,839394,5769,4966855
2023/11/17,MTX,投信,0,0,0,0,0,0,163,140335,9,7749,154,132586
2023/11/17,NQF,自營商,47,37241,81,64176,-34,-26935,44,34936,114,90516,-70,-55580
2023/11/17,NQF,外資,1287,1020858,1247,988842,40,32016,110,88044,259,205646,-149,-117602
2023/11/17,NQF,投信,0,0,0,0,0,0,0,0,0,0,0,0
2023/11/20,TX,投信,647,2226250,112,385359,535,1840891,15614,53715283,9929,34157746,5685,19557537
2023/11/20,TX,自營商,5924,20380930,5349,18405354,575,1975576,3791,13041931,8357,28744073,-4566,-15702142
2023/11/20,TX,外資,46012,158345614,48032,165288355,-2020,-6942741,43223,148695919,41346,142238662,1877,6457257
2023/11/20,TE,投信,0,0,0,0,0,0,167,567800,0,0,167,567800
2023/11/20,TE,自營商,173,588826,124,421584,49,167242,224,761611,254,863601,-30,-101990
2023/11/20,TE,外資,512,1742329,597,2031917,-85,-289588,475,1615000,662,2250800,-187,-635800
2023/11/20,MTX,投信,0,0,0,0,0,0,163,140188,9,7740,154,132448
2023/11/20,MTX,自營商,6675,5742602,6235,5364469,440,378133,6504,5594390,6486,5574270,18,20120
2023/11/20,MTX,外資,65962,56757678,70547,60696456,-4585,-3938778,4485,3857341,3301,2839076,1184,1018265
2023/11/20,NQF,自營商,53,42135,10,7935,43,34200,82,64985,109,86383,-27,-21398
2023/11/20,NQF,投信,0,0,0,0,0,0,0,0,0,0,0,0
2023/11/21,TX,自營商,7368,25571922,7682,26649720,-314,-1077798,4257,14824120,9111,31719136,-4854,-16895016
2023/11/21,TX,投信,1021,3555258,20,69620,1001,3485638,16559,57661750,9873,34379761,6686,23281989
2023/11/20,NQF,外資,770,611407,874,693715,-104,-82308,96,76710,349,276583,-253,-199873
2023/11/21,TE,自營商,218,748894,149,512526,69,236368,342,1178476,278,957936,64,220540
2023/11/21,TE,投信,0,0,0,0,0,0,167,575449,0,0,167,575449
2023/11/21,TX,外資,44517,154407432,43949,152485573,568,1921859,46815,163019576,44365,154488265,2450,8531311
2023/11/21,TE,外資,586,2015888,575,1978449,11,37439,501,1726346,677,2332807,-176,-606461
2023/11/21,MTX,投信,4,3483,0,0,4,3483,167,145382,9,7835,158,137547
2023/11/21,MTX,外資,63086,54652398,54526,47246588,8560,7405810,10240,8914465,516,449190,9724,8465275
2023/11/21,MTX,自營商,9112,7902181,8193,7102916,919,799264,8126,7074928,7293,6344158,833,730770
2023/11/21,NQF,投信,0,0,0,0,0,0,0,0,0,0,0,0
2023/11/21,NQF,自營商,8,6446,17,13552,-9,-7106,89,71712,125,100719,-36,-29007
2023/11/21,NQF,外資,1242,992943,1194,954492,48,38451,150,121842,355,286041,-205,-164199
2023/11/22,TX,投信,778,2690654,444,1535641,334,1155014,17052,58962406,10032,34688650,7020,24273756
2023/11/22,TX,自營商,9488,32878416,7456,25820320,2032,7058096,5497,19007562,8086,27952217,-2589,-8944655
2023/11/22,TX,外資,41196,142708409,48702,168733695,-7506,-26025286,42965,148564509,49313,170514589,-6348,-21950080
2023/11/22,TE,外資,381,1302999,436,1491108,-55,-188110,478,1631988,709,2420668,-231,-788680
2023/11/22,TE,自營商,152,519846,177,605764,-25,-85918,309,1054988,283,966219,26,88769
2023/11/22,TE,投信,1,3416,0,0,1,3416,168,573586,0,0,168,573586
2023/11/22,MTX,投信,0,0,1,865,-1,-865,167,144363,10,8645,157,135718
2023/11/22,MTX,外資,54964,47606161,70140,60763456,-15176,-13157295,5303,4584188,5197,4492832,106,91356
2023/11/22,NQF,自營商,106,84632,76,60673,30,23959,69,55086,75,59876,-6,-4790
2023/11/22,MTX,自營商,13109,11355815,13512,11704396,-403,-348581,4725,4085119,5462,4717502,-737,-632383
2023/11/23,TX,自營商,6594,22783126,6723,23233963,-129,-450837,5310,18377168,7904,27347244,-2594,-8970076
2023/11/23,TX,投信,575,1989892,16,55237,559,1934655,17609,60941227,10030,34711824,7579,26229403
2023/11/22,NQF,投信,0,0,0,0,0,0,0,0,0,0,0,0
2023/11/22,NQF,外資,737,589269,937,750455,-200,-161186,96,77295,501,399973,-405,-322678
2023/11/23,TE,投信,1,3416,0,0,1,3416,169,577507,0,0,169,577507
2023/11/23,MTX,自營商,8601,7429076,8652,7473996,-51,-44919,4041,3497317,5325,4603415,-1284,-1106098
2023/11/23,TE,自營商,230,785636,198,675946,32,109690,347,1185768,287,980735,60,205033
2023/11/23,TE,外資,468,1597810,473,1615209,-5,-17399,515,1759858,751,2566317,-236,-806459
2023/11/23,MTX,投信,0,0,0,0,0,0,167,144488,10,8652,157,135836
2023/11/23,MTX,外資,84722,73193549,81615,70504215,3107,2689335,6396,5533829,3183,2754085,3213,2779744
2023/11/23,TX,外資,55160,190616537,51251,177099371,3909,13517167,44857,155241666,47296,163682420,-2439,-8440754
2023/11/23,NQF,自營商,135,108507,67,53985,68,54522,83,66641,21,16861,62,49780
2023/11/23,NQF,投信,0,0,0,0,0,0,0,0,0,0,0,0
2023/11/24,TX,自營商,5134,17774574,4044,14003735,1090,3770839,6047,20914157,7504,25945687,-1457,-5031530
2023/11/24,TX,投信,195,674307,73,252463,122,421844,17725,61303685,10024,34669006,7701,26634679
2023/11/23,NQF,外資,1566,1258104,1182,949417,384,308687,148,119944,169,135690,-21,-15746
2023/11/24,TE,自營商,84,287438,126,430590,-42,-143152,314,1072246,290,990289,24,81957
2023/11/24,TX,外資,29521,102207437,31322,108443451,-1801,-6236014,43674,151050866,47914,165715360,-4240,-14664494
2023/11/24,TE,外資,300,1025371,282,964094,18,61277,526,1796185,744,2540611,-218,-744426
2023/11/24,TE,投信,1,3412,0,0,1,3412,170,580516,0,0,170,580516
2023/11/24,MTX,自營商,6361,5505806,5023,4349332,1338,1156474,4775,4129147,4909,4240440,-134,-111293
2023/11/24,MTX,投信,0,0,0,0,0,0,167,144397,10,8647,157,135750
2023/11/24,MTX,外資,48776,42227201,50697,43887077,-1921,-1659876,5464,4724473,4172,3607385,1292,1117088
2023/11/24,NQF,外資,132,106063,171,137380,-39,-31317,145,117565,205,164595,-60,-47030
2023/11/24,NQF,投信,0,0,0,0,0,0,0,0,0,0,0,0
2023/11/27,TX,自營商,6804,23475508,8282,28565953,-1478,-5090445,4388,15070311,7366,25290903,-2978,-10220592
2023/11/27,TX,投信,159,545892,684,2348276,-525,-1802384,17515,60153516,10339,35508262,7176,24645254
2023/11/24,NQF,自營商,2,1606,1,804,1,803,85,68247,22,17664,63,50583
2023/11/27,TX,外資,47722,164694531,44844,154750794,2878,9943737,44389,152450078,45745,157107134,-1356,-4657056
2023/11/27,TE,投信,0,0,0,0,0,0,170,574668,0,0,170,574668
2023/11/27,MTX,自營商,9531,8219039,11101,9570347,-1570,-1351308,4647,3990216,6179,5301115,-1532,-1310899
2023/11/27,TE,外資,582,1976398,586,1990114,-4,-13717,536,1811894,758,2562343,-222,-750449
2023/11/27,TE,自營商,140,476083,168,570643,-28,-94560,322,1088490,349,1179767,-27,-91277
2023/11/27,MTX,投信,0,0,3,2576,-3,-2576,167,143386,13,11162,154,132224
2023/11/27,MTX,外資,66668,57534681,69411,59894368,-2743,-2359687,5048,4334217,6523,5600693,-1475,-1266476
2023/11/27,NQF,自營商,3,2395,46,36772,-43,-34376,68,54240,48,38287,20,15953
2023/11/27,NQF,外資,511,408608,579,463546,-68,-54938,154,123890,282,224937,-128,-101047
2023/11/27,NQF,投信,0,0,0,0,0,0,0,0,0,0,0,0
2023/11/28,TX,投信,621,2155540,261,906758,360,1248781,17606,61128032,10070,34963040,7536,26164992
2023/11/28,TX,外資,49375,170686416,48168,166606962,1207,4079454,45868,159253912,46017,159771024,-149,-517112
2023/11/28,TE,自營商,233,793381,200,681384,33,111997,346,1182491,327,1117557,19,64934
2023/11/28,TE,外資,581,1978873,608,2069971,-27,-91099,578,1975373,823,2812685,-245,-837312
2023/11/28,TX,自營商,8066,27916197,8000,27672189,66,244009,5187,18009320,8093,28092027,-2906,-10082707
2023/11/28,TE,投信,0,0,1,3392,-1,-3392,169,577574,0,0,169,577574
2023/11/28,MTX,自營商,12253,10604983,10707,9258505,1546,1346477,8350,7247771,8360,7251854,-10,-4083
2023/11/28,MTX,投信,0,0,4,3477,-4,-3477,163,141484,13,11284,150,130200
2023/11/28,MTX,外資,76710,66275382,66543,57512827,10167,8762555,11299,9807532,2607,2262831,8692,7544701
2023/11/28,NQF,投信,0,0,0,0,0,0,0,0,0,0,0,0
2023/11/28,NQF,自營商,28,22458,108,86503,-80,-64044,58,46412,118,94424,-60,-48012
2023/11/28,NQF,外資,890,712857,732,586217,158,126640,186,150004,156,124831,30,25173
2023/11/29,TX,外資,46567,161818063,50895,176817817,-4328,-14999754,42886,148720320,47364,164249350,-4478,-15529030
2023/11/29,TX,自營商,8678,30142607,7582,26352609,1096,3789998,5772,20016478,7582,26285755,-1810,-6269277
2023/11/29,TX,投信,641,2223244,447,1550355,194,672889,18100,62767180,10370,35961086,7730,26806094
2023/11/29,TE,投信,0,0,2,6854,-2,-6854,167,572376,0,0,167,572376
2023/11/29,TE,自營商,157,538364,222,761453,-65,-223089,321,1100197,331,1134471,-10,-34274
2023/11/29,TE,外資,647,2221217,559,1918807,88,302410,596,2042730,753,2580832,-157,-538102
2023/11/29,MTX,自營商,12032,10450013,11741,10198849,291,251164,6433,5577502,6092,5276969,341,300533
2023/11/29,MTX,外資,64717,56229352,73974,64252710,-9257,-8023358,5689,4932113,6013,5213006,-324,-280893
2023/11/29,MTX,投信,0,0,0,0,0,0,163,141313,13,11270,150,130043
2023/11/29,NQF,自營商,50,40095,20,16003,30,24091,89,71489,119,95587,-30,-24098
2023/11/29,NQF,投信,0,0,0,0,0,0,0,0,0,0,0,0
2023/11/30,TX,自營商,6535,22696127,7296,25348881,-761,-2652754,5532,19243774,8101,28173577,-2569,-8929803
2023/11/29,NQF,外資,969,776021,913,730774,56,45247,146,118360,60,48195,86,70165
2023/11/30,TX,投信,1072,3728934,1,3481,1071,3725453,19141,66583883,10340,35968724,8801,30615159
2023/11/30,TX,外資,52040,180817246,51170,177810128,870,3007119,43608,151695040,47216,164246114,-3608,-12551074
2023/11/30,TE,自營商,162,556084,150,514501,12,41583,346,1188866,354,1216354,-8,-27488
2023/11/30,TE,投信,0,0,0,0,0,0,167,573812,0,0,167,573812
2023/11/30,MTX,投信,4,3471,0,0,4,3471,167,145232,13,11305,154,133927
2023/11/30,TE,外資,383,1313601,415,1423774,-32,-110173,570,1958520,759,2607924,-189,-649404
2023/11/30,MTX,外資,78750,68410137,74250,64489245,4500,3920892,7656,6658097,3480,3026405,4176,3631692
2023/11/30,MTX,自營商,10100,8769493,10727,9316007,-627,-546513,7221,6280252,7515,6530950,-294,-250698
2023/11/30,NQF,自營商,83,66804,98,78823,-15,-12019,40,32110,85,68234,-45,-36124
2023/11/30,NQF,外資,1191,959701,1425,1148059,-234,-188359,64,52012,212,170183,-148,-118171
2023/12/01,TX,自營商,7923,27527452,8172,28403905,-249,-876453,4956,17269515,7781,27107397,-2825,-9837882
2023/12/01,TX,投信,431,1502151,402,1398897,29,103254,19168,66796646,10338,36025862,8830,30770784
2023/11/30,NQF,投信,0,0,0,0,0,0,0,0,0,0,0,0
2023/12/01,TE,自營商,199,683600,204,699773,-5,-16173,360,1241418,355,1224176,5,17242
2023/12/01,TX,外資,58126,202011924,55346,192371130,2780,9640794,47034,163903501,47866,166802075,-832,-2898574
2023/12/01,TE,投信,0,0,1,3448,-1,-3448,166,572434,0,0,166,572434
2023/12/01,MTX,自營商,11364,9869729,12334,10715431,-970,-845702,6232,5428581,7468,6500718,-1236,-1072137
2023/12/01,MTX,外資,87549,76068320,85129,73958792,2420,2109528,9244,8053395,2632,2292973,6612,5760422
2023/12/01,MTX,投信,0,0,0,0,0,0,167,145490,13,11326,154,134164
2023/12/01,NQF,自營商,53,42327,15,11961,38,30367,81,64650,88,70237,-7,-5587
2023/12/01,NQF,投信,0,0,0,0,0,0,0,0,0,0,0,0
2023/12/01,NQF,外資,1141,911356,1509,1205425,-368,-294069,14,11319,530,423020,-516,-411701
2023/12/01,TE,外資,609,2089089,535,1835692,74,253398,580,2000072,688,2372499,-108,-372427
2023/12/04,TX,自營商,8829,30778764,7691,26818650,1138,3960114,6008,20929168,7682,26752971,-1674,-5823803
2023/12/04,TE,自營商,189,650713,190,653993,-1,-3281,324,1112098,348,1194475,-24,-82377
2023/12/04,TX,投信,672,2340779,1009,3515415,-337,-1174636,18627,64889017,10134,35302802,8493,29586215
2023/12/04,TE,投信,0,0,0,0,0,0,166,569778,0,0,166,569778
2023/12/04,TX,外資,53077,185053065,56598,197320554,-3521,-12267489,43522,151613222,47875,166777184,-4353,-15163962
2023/12/04,TE,外資,506,1741632,503,1731564,3,10068,565,1939306,670,2299708,-105,-360402
2023/12/04,MTX,投信,0,0,0,0,0,0,167,145440,13,11322,154,134118
2023/12/04,MTX,外資,81532,71066422,88846,77429860,-7314,-6363438,4975,4332848,5677,4944099,-702,-611251
2023/12/04,MTX,自營商,10797,9409973,10574,9216528,223,193445,5847,5092454,6912,6014442,-1065,-921988
2023/12/04,NQF,自營商,111,88766,65,51907,46,36859,145,115819,106,84668,39,31151
2023/12/04,NQF,投信,0,0,0,0,0,0,0,0,0,0,0,0
2023/12/04,NQF,外資,1139,909947,1305,1041863,-166,-131916,10,8049,692,552735,-682,-544686
2023/12/05,TX,自營商,8305,28725083,8390,29034504,-85,-309421,6577,22767960,8175,28291696,-1598,-5523736
2023/12/05,TX,投信,866,2997883,810,2802561,56,195321,18696,64721813,10147,35126885,8549,29594928
2023/12/05,TX,外資,52420,181391237,53975,186752572,-1555,-5361335,42689,147780777,48595,168225854,-5906,-20445077
2023/12/05,TE,投信,0,0,6,20425,-6,-20425,160,545216,0,0,160,545216
2023/12/05,TE,自營商,169,575699,171,582189,-2,-6491,316,1076804,360,1226743,-44,-149939
2023/12/05,TE,外資,435,1481036,482,1641081,-47,-160045,533,1816251,685,2334206,-152,-517955
2023/12/05,MTX,自營商,11997,10376826,12869,11133599,-872,-756773,4962,4294964,7543,6521972,-2581,-2227008
2023/12/05,MTX,外資,80992,70077120,86482,74816695,-5490,-4739576,3044,2634614,9244,8000253,-6200,-5365639
2023/12/05,MTX,投信,30,25970,1,865,29,25105,197,170494,14,12116,183,158378
2023/12/05,NQF,自營商,61,48245,88,69676,-27,-21431,118,93379,106,83883,12,9496
2023/12/05,NQF,投信,0,0,0,0,0,0,0,0,0,0,0,0
2023/12/05,NQF,外資,1517,1204804,1553,1231545,-36,-26741,72,57581,790,625167,-718,-567586
2023/12/06,TX,投信,381,1324333,1266,4401842,-885,-3077509,17804,61876022,10140,35240556,7664,26635466
2023/12/06,TX,自營商,9427,32753632,9392,32632107,35,121524,6344,22048135,7915,27500298,-1571,-5452163
2023/12/06,TX,外資,49196,170874171,49648,172440528,-452,-1566357,41941,145762360,48290,167827836,-6349,-22065476
2023/12/06,TE,自營商,167,571315,149,509537,18,61778,351,1200072,383,1309484,-32,-109412
2023/12/06,TE,投信,0,0,0,0,0,0,160,547040,0,0,160,547040
2023/12/06,TE,外資,390,1334392,425,1454705,-35,-120313,514,1757366,701,2396719,-187,-639353
2023/12/06,MTX,自營商,16204,14076050,16044,13936517,160,139532,5288,4594958,7146,6203057,-1858,-1608099
2023/12/06,MTX,投信,0,0,0,0,0,0,197,171163,14,12164,183,158999
2023/12/06,MTX,外資,79567,69089249,77026,66873934,2541,2215316,3146,2733434,7209,6263636,-4063,-3530202
2023/12/06,NQF,自營商,34,27092,76,60339,-42,-33247,87,69491,117,93454,-30,-23963
2023/12/07,TX,自營商,7687,26633886,6991,24232659,696,2401228,6552,22631698,7421,25625964,-869,-2994266
2023/12/06,NQF,投信,0,0,0,0,0,0,0,0,0,0,0,0
2023/12/06,NQF,外資,1441,1146155,1217,965469,224,180686,236,190889,730,583214,-494,-392325
2023/12/07,TX,投信,495,1710510,736,2542138,-241,-831629,17723,61218805,10300,35578260,7423,25640545
2023/12/07,TE,投信,0,0,0,0,0,0,160,544576,0,0,160,544576
2023/12/07,TE,自營商,156,532805,172,586889,-16,-54084,320,1089153,385,1310390,-65,-221237
2023/12/07,TE,外資,441,1504995,387,1320531,54,184464,518,1763065,651,2215744,-133,-452679
2023/12/07,MTX,自營商,12188,10560225,12115,10496544,73,63681,4210,3635941,6019,5191346,-1809,-1555405
2023/12/07,TX,外資,49834,172805683,50816,176173455,-982,-3367772,42262,145981784,49582,171265617,-7320,-25283833
2023/12/07,MTX,外資,77154,66901582,80973,70190645,-3819,-3289063,2446,2112303,10372,8956794,-7926,-6844491
2023/12/07,MTX,投信,0,0,1,864,-1,-864,197,170119,15,12953,182,157166
2023/12/07,NQF,自營商,58,46204,99,78554,-41,-32350,73,57677,144,113774,-71,-56097
2023/12/07,NQF,外資,1463,1166233,1629,1298968,-166,-132735,200,159832,860,679486,-660,-519654
2023/12/07,NQF,投信,0,0,0,0,0,0,0,0,0,0,0,0
2023/12/08,TX,投信,681,2366911,200,694994,481,1671917,18394,63919055,10490,36452750,7904,27466305
2023/12/08,TX,自營商,9117,31709385,10566,36742735,-1449,-5033350,6165,21422190,8473,29435784,-2308,-8013594
2023/12/08,TE,投信,0,0,0,0,0,0,160,548384,0,0,160,548384
2023/12/08,TX,外資,61175,212747741,59423,206650636,1752,6097106,43228,150217034,48796,169563637,-5568,-19346603
2023/12/08,TE,外資,584,2006788,620,2130209,-36,-123421,511,1751401,680,2330632,-169,-579231
2023/12/08,MTX,自營商,15599,13559357,16562,14396987,-963,-837630,6324,5493860,9136,7930810,-2812,-2436950
2023/12/08,TE,自營商,217,745182,229,786398,-12,-41216,349,1196152,397,1360660,-48,-164508
2023/12/08,MTX,投信,2,1738,0,0,2,1738,197,171144,13,11294,184,159850
2023/12/08,MTX,外資,86484,75171672,78678,68390140,7806,6781532,5045,4382841,5165,4487126,-120,-104285
2023/12/08,NQF,自營商,68,54247,65,51843,3,2405,76,60880,144,115351,-68,-54471
2023/12/08,NQF,投信,0,0,0,0,0,0,0,0,0,0,0,0
2023/12/08,NQF,外資,1794,1433462,1168,932902,626,500560,296,240020,330,264468,-34,-24448
2023/12/11,TX,自營商,7992,27794524,6840,23792007,1152,4002517,6787,23642174,8014,27909443,-1227,-4267269
2023/12/11,TX,外資,47251,164317574,49564,172360166,-2313,-8042592,42934,149564704,50815,177017038,-7881,-27452334
2023/12/11,TX,投信,793,2762209,78,271706,715,2490503,18857,65690182,10238,35665097,8619,30025085
2023/12/11,TE,投信,1,3442,0,0,1,3442,161,554033,0,0,161,554033
2023/12/11,TE,自營商,164,563604,119,408653,45,154951,389,1338629,391,1345513,-2,-6884
2023/12/11,TE,外資,344,1182028,379,1302480,-35,-120452,491,1689629,695,2391634,-204,-702005
2023/12/11,MTX,投信,0,0,4,3477,-4,-3477,193,168084,13,11322,180,156762
2023/12/11,MTX,自營商,12807,11134415,10804,9393266,2003,1741149,6634,5777607,7159,6228161,-525,-450554
2023/12/11,MTX,外資,76824,66791743,80145,69669459,-3321,-2877716,4796,4176833,8237,7173642,-3441,-2996809
2023/12/11,NQF,自營商,100,80170,197,158098,-97,-77927,54,43359,219,175886,-165,-132527
2023/12/11,NQF,投信,0,0,0,0,0,0,0,0,0,0,0,0
2023/12/12,TX,自營商,7556,26410061,6776,23678289,780,2731773,7717,26950509,8251,28808582,-534,-1858073
2023/12/12,TX,投信,660,2304522,1038,3624967,-378,-1320445,18473,64515070,10232,35734237,8241,28780833
2023/12/11,NQF,外資,2045,1642574,1998,1603005,47,39570,339,275517,326,261762,13,13755
2023/12/12,TX,外資,41323,144401145,42938,150044666,-1615,-5643522,42295,147711125,51791,180872357,-9496,-33161232
2023/12/12,TE,自營商,95,328270,112,386813,-17,-58543,391,1350656,406,1402461,-15,-51805
2023/12/12,TE,投信,1,3456,0,0,1,3456,162,559613,0,0,162,559613
2023/12/12,TE,外資,427,1476332,381,1317267,46,159065,548,1893011,706,2438806,-158,-545795
2023/12/12,MTX,自營商,12284,10732386,11009,9616813,1275,1115573,8006,6990422,6908,6025686,1098,964736
2023/12/12,MTX,外資,61135,53409864,63157,55176399,-2022,-1766535,3922,3424300,9385,8194132,-5463,-4769832
2023/12/12,MTX,投信,32,27922,30,26175,2,1747,193,168507,11,9604,182,158903
2023/12/12,NQF,自營商,43,34768,84,68062,-41,-33293,15,12199,221,179792,-206,-167593
2023/12/12,NQF,投信,0,0,0,0,0,0,0,0,0,0,0,0
2023/12/13,TX,自營商,8346,29146913,8943,31237666,-597,-2090753,7577,26454332,8711,30406429,-1134,-3952097
2023/12/12,NQF,外資,1279,1036038,971,785257,308,250781,467,384630,146,118735,321,265895
2023/12/13,TX,投信,1498,5229092,1211,4227294,287,1001798,18410,64276674,9882,34502015,8528,29774659
2023/12/13,TX,外資,43513,151996937,43319,151299819,194,697118,41451,144721983,51610,180189131,-10159,-35467148
2023/12/13,TE,外資,389,1346479,394,1364058,-5,-17580,567,1964538,730,2529304,-163,-564766
2023/12/13,MTX,自營商,13004,11353305,14200,12399733,-1196,-1046429,5955,5197700,6389,5569846,-434,-372146
2023/12/13,TE,投信,6,20785,0,0,6,20785,168,582086,0,0,168,582086
2023/12/13,TE,自營商,167,578022,148,511825,19,66197,416,1441341,396,1372018,20,69323
2023/12/13,NQF,自營商,103,83960,57,46354,46,37607,60,49194,220,180439,-160,-131245
2023/12/13,MTX,外資,70817,61839674,72238,63072410,-1421,-1232736,4149,3621447,7564,6602237,-3415,-2980790
2023/12/14,TX,自營商,13070,46004132,12418,43695452,652,2308680,10161,35883985,10745,37946609,-584,-2062624
2023/12/13,MTX,投信,45,39269,40,34899,5,4370,198,172824,11,9601,187,163223
2023/12/13,NQF,投信,0,0,0,0,0,0,0,0,0,0,0,0
2023/12/14,TX,外資,65573,230679792,64769,227934359,804,2745433,44737,158033353,54092,191063310,-9355,-33029957
2023/12/13,NQF,外資,1167,953102,981,801384,186,151718,601,497911,94,77071,507,420840
2023/12/14,TX,投信,2331,8223998,2057,7255274,274,968724,18413,65042361,9611,33951819,8802,31090542
2023/12/14,TE,外資,1041,3641350,950,3324198,91,317153,629,2204144,701,2456646,-72,-252502
2023/12/14,TE,投信,1,3494,0,0,1,3494,169,592379,0,0,169,592379
2023/12/14,MTX,自營商,18376,16159102,16007,14071059,2369,2088043,9461,8353065,7118,6278096,2343,2074969
2023/12/14,MTX,外資,89432,78595727,82586,72597821,6846,5997906,8411,7427587,4980,4397904,3431,3029683
2023/12/14,MTX,投信,43,37935,42,37072,1,863,199,175680,11,9715,188,165965
2023/12/14,NQF,自營商,80,65983,134,110898,-54,-44915,36,29986,250,208311,-214,-178325
2023/12/14,TE,自營商,229,800362,229,799493,0,869,434,1521206,402,1408908,32,112298
2023/12/14,NQF,投信,0,0,0,0,0,0,0,0,0,0,0,0
2023/12/14,NQF,外資,1092,903250,1051,869189,41,34061,650,547494,102,84961,548,462533
2023/12/15,TX,自營商,11638,41213861,12701,44991813,-1063,-3777952,8134,28748820,9791,34597800,-1657,-5848980
2023/12/15,TE,自營商,227,796681,237,831946,-10,-35265,387,1354807,372,1302289,15,52518
2023/12/15,TX,投信,3236,11458071,4422,15661408,-1186,-4203337,17221,60867529,9605,33949833,7616,26917696
2023/12/15,TX,外資,73519,260418300,72417,256493654,1102,3924646,48603,171788117,56856,200954019,-8253,-29165902
2023/12/15,TE,外資,563,1976308,557,1955015,6,21293,622,2177299,688,2408363,-66,-231064
2023/12/15,TE,投信,0,0,0,0,0,0,169,591669,0,0,169,591669
2023/12/15,MTX,投信,48,42440,38,33600,10,8839,209,184668,11,9720,198,174948
2023/12/15,MTX,自營商,12928,11444733,13076,11575215,-148,-130483,9054,7999817,6819,6018330,2235,1981487
2023/12/15,MTX,外資,74478,65950089,75462,66813549,-984,-863460,7217,6377183,4770,4214982,2447,2162201
2023/12/15,NQF,自營商,32,26795,4,3313,28,23482,24,20117,5,4191,19,15926
2023/12/15,NQF,投信,0,0,0,0,0,0,0,0,0,0,0,0
2023/12/18,TX,自營商,13306,46948872,12409,43788342,897,3160530,8471,29906835,9315,32879982,-844,-2973147
2023/12/18,TX,投信,14241,50243244,13492,47595911,749,2647333,17971,63441697,9606,33912334,8365,29529363
2023/12/18,TX,外資,88849,313515740,92700,327099279,-3851,-13583539,47532,167803739,59632,210515182,-12100,-42711443
2023/12/18,TE,自營商,325,1135362,317,1106741,8,28621,453,1584386,422,1476086,31,108300
2023/12/15,NQF,外資,1204,1005029,1822,1517901,-618,-512872,546,457657,16,13411,530,444246
2023/12/18,TE,投信,155,541663,139,486009,16,55654,185,646911,0,0,185,646911
2023/12/18,TE,外資,965,3370357,996,3479136,-31,-108779,727,2542536,824,2881459,-97,-338923
2023/12/18,MTX,投信,28,24713,36,31776,-8,-7063,202,178267,12,10589,190,167678
2023/12/18,MTX,外資,59964,52921113,65094,57443854,-5130,-4522741,7754,6844833,10453,9227696,-2699,-2382863
2023/12/18,NQF,投信,0,0,0,0,0,0,0,0,0,0,0,0
2023/12/18,MTX,自營商,11693,10315896,13067,11525552,-1374,-1209656,6662,5880247,5465,4816104,1197,1064143
2023/12/19,TX,自營商,17079,60000802,14609,51315560,2470,8685242,9989,35101130,8030,28208244,1959,6892886
2023/12/18,NQF,自營商,13,10937,10,8415,3,2522,30,25278,8,6741,22,18537
2023/12/19,TX,投信,8727,30624210,9256,32481048,-529,-1856838,17658,62030309,9822,34502722,7836,27527587
2023/12/18,NQF,外資,1080,907694,850,714043,230,193651,768,647222,10,8426,758,638796
2023/12/19,TE,自營商,543,1891994,549,1911901,-6,-19907,428,1493521,507,1768758,-79,-275237
2023/12/19,TX,外資,67265,236337011,71440,251016094,-4175,-14679083,46099,161957515,63322,222464035,-17223,-60506520
2023/12/19,MTX,自營商,16044,14092072,16129,14165691,-85,-73618,7460,6554020,7680,6737405,-220,-183385
2023/12/19,TE,外資,914,3182607,952,3315995,-38,-133388,659,2298465,794,2769495,-135,-471030
2023/12/19,TE,投信,27,94135,40,139435,-13,-45300,172,599821,0,0,172,599821
2023/12/19,MTX,投信,33,28988,35,30764,-2,-1776,202,177398,14,12295,188,165103
2023/12/19,MTX,外資,60525,53183177,69690,61244354,-9165,-8061178,5532,4861067,13604,11952302,-8072,-7091235
2023/12/19,NQF,投信,0,0,0,0,0,0,0,0,0,0,0,0
2023/12/20,TX,投信,985,3478037,827,2918201,158,559837,18005,63604463,10011,35364859,7994,28239604
2023/12/19,NQF,外資,1104,933353,776,655388,328,277966,1091,924503,5,4233,1086,920270
2023/12/20,TX,自營商,13054,45986814,15695,55291605,-2641,-9304791,3478,12286087,4964,17524538,-1486,-5238451
2023/12/19,NQF,自營商,22,18620,1,846,21,17774,51,43172,8,6772,43,36400
2023/12/20,TE,自營商,385,1346053,402,1405669,-17,-59616,96,336307,278,973890,-182,-637583
2023/12/20,TX,外資,48884,172203753,44556,156966127,4328,15237626,43429,153415330,54894,193915639,-11465,-40500309
2023/12/20,TE,外資,533,1863274,510,1782915,23,80359,636,2228035,642,2249054,-6,-21019
2023/12/20,TE,投信,8,27972,8,27986,0,-14,172,602550,0,0,172,602550
2023/12/20,MTX,投信,4,3526,2,1760,2,1766,202,178396,12,10598,190,167798
2023/12/20,MTX,自營商,18438,16241450,14669,12918202,3769,3323248,4704,4153263,3373,2970341,1331,1182922
2023/12/20,MTX,外資,61829,54444221,51450,45296541,10379,9147680,7460,6588411,1267,1118951,6193,5469460
2023/12/20,NQF,自營商,35,29685,16,13631,19,16054,75,63893,13,11075,62,52818
2023/12/20,NQF,投信,0,0,0,0,0,0,0,0,0,0,0,0
2023/12/20,NQF,外資,774,657551,926,786569,-152,-129017,949,809756,15,12779,934,796977
2023/12/21,TX,自營商,8654,30342124,8168,28612625,486,1729500,4606,16147304,5588,19579422,-982,-3432118
2023/12/21,TX,投信,650,2278647,323,1132120,327,1146528,18550,65032590,10229,35860828,8321,29171762
2023/12/21,TE,自營商,227,788447,167,580255,60,208192,150,520290,282,978145,-132,-457855
2023/12/21,MTX,自營商,10939,9587167,16033,14061482,-5094,-4474316,5282,4628825,9117,7980663,-3835,-3351838
2023/12/21,TX,外資,48071,168444823,54178,189950027,-6107,-21505204,42386,148595376,59949,210166535,-17563,-61571159
2023/12/21,TE,外資,508,1760590,639,2216674,-131,-456084,623,2160938,760,2636136,-137,-475198
2023/12/21,TE,投信,0,0,1,3469,-1,-3469,171,593131,0,0,171,593131
2023/12/21,MTX,投信,0,0,2,1753,-2,-1753,202,177043,14,12270,188,164773
2023/12/21,MTX,外資,72388,63430126,83696,73383076,-11308,-9952950,4070,3567207,9221,8081719,-5151,-4514512
2023/12/22,TX,自營商,5484,19259690,5425,19058168,59,201522,4887,17162744,5791,20327437,-904,-3164693
2023/12/21,NQF,自營商,45,38342,104,87854,-59,-49513,43,36210,40,33684,3,2526
2023/12/21,NQF,投信,0,0,0,0,0,0,0,0,0,0,0,0
2023/12/22,TX,外資,43880,154143458,42067,147762060,1813,6381398,40704,142950881,56454,198263810,-15750,-55312929
2023/12/22,TX,投信,757,2658877,544,1911084,213,747794,18763,65895656,10229,35924248,8534,29971408
2023/12/21,NQF,外資,1208,1024276,1577,1334413,-369,-310137,649,548246,84,70736,565,477510
2023/12/22,TE,自營商,142,494831,141,491035,1,3796,174,606668,306,1066900,-132,-460232
2023/12/22,TE,投信,0,0,0,0,0,0,171,596209,0,0,171,596209
2023/12/22,MTX,自營商,7973,6999878,7079,6215845,894,784034,5359,4704455,8376,7344981,-3017,-2640526
2023/12/22,TE,外資,410,1428519,428,1491289,-18,-62770,603,2102420,758,2642843,-155,-540423
2023/12/22,MTX,外資,60343,52993110,59480,52228936,863,764175,2639,2317076,6927,6081903,-4288,-3764827
2023/12/22,MTX,投信,0,0,0,0,0,0,202,177356,14,12292,188,165064
2023/12/22,NQF,投信,0,0,0,0,0,0,0,0,0,0,0,0
2023/12/22,NQF,自營商,56,47381,65,54886,-9,-7505,34,28749,40,33822,-6,-5073
2023/12/22,NQF,外資,1153,973972,1277,1078580,-124,-104608,477,404833,36,30440,441,374393
2023/12/25,TX,自營商,5194,18294680,5226,18407244,-32,-112564,4864,17142494,5764,20303681,-900,-3161187
2023/12/25,TX,投信,840,2960886,604,2129290,236,831596,18883,66551245,10113,35642257,8770,30908988
2023/12/25,TX,外資,28621,100816316,27159,95664927,1462,5151390,41657,146814590,55945,197169858,-14288,-50355268
2023/12/25,TE,外資,385,1347795,354,1239403,31,108392,599,2099854,723,2534549,-124,-434695
2023/12/25,TE,自營商,121,423636,109,381385,12,42251,207,725654,328,1149831,-121,-424177
2023/12/25,TE,投信,0,0,0,0,0,0,171,599458,0,0,171,599458
2023/12/25,MTX,自營商,7916,6970905,6548,5765982,1368,1204923,5456,4806653,7249,6377411,-1793,-1570758
2023/12/25,MTX,投信,0,0,4,3526,-4,-3526,198,174458,14,12335,184,162123
2023/12/25,MTX,外資,46338,40808734,43147,37997431,3191,2811303,4200,3700635,5297,4667188,-1097,-966553
2023/12/25,NQF,投信,0,0,0,0,0,0,0,0,0,0,0,0
2023/12/26,TX,外資,24053,85112243,21660,76660665,2393,8451578,44855,159089048,56750,201277052,-11895,-42188004
2023/12/26,TE,自營商,127,446904,95,334345,32,112560,252,889099,368,1298374,-116,-409275
2023/12/26,TX,自營商,5613,19860187,6827,24161663,-1214,-4301476,4135,14665026,6330,22438570,-2195,-7773544
2023/12/25,NQF,自營商,23,19480,55,46763,-32,-27283,7,5942,45,38198,-38,-32256
2023/12/25,NQF,外資,671,569959,672,570494,-1,-535,577,491045,137,116292,440,374753
2023/12/26,TX,投信,803,2848069,732,2593945,71,254124,18853,66867820,10012,35510562,8841,31357258
2023/12/26,TE,投信,0,0,0,0,0,0,171,603322,0,0,171,603322
2023/12/26,MTX,自營商,8309,7346371,6513,5759278,1796,1587093,5967,5288758,5640,4991084,327,297674
2023/12/26,MTX,投信,0,0,0,0,0,0,198,175567,14,12414,184,163153
2023/12/26,TE,外資,330,1161384,349,1228050,-19,-66666,636,2243935,779,2748468,-143,-504533
2023/12/26,MTX,外資,33489,29619832,26111,23095813,7378,6524019,8659,7677904,2378,2108566,6281,5569338
2023/12/26,NQF,自營商,2,1702,0,0,2,1702,7,5958,43,36599,-36,-30641
2023/12/27,TX,自營商,8873,31576934,7606,27072879,1267,4504055,4833,17261227,5799,20702114,-966,-3440887
2023/12/27,TX,外資,35300,125668417,35641,126885686,-341,-1217269,49284,176029635,61519,219730007,-12235,-43700372
2023/12/26,NQF,投信,0,0,0,0,0,0,0,0,0,0,0,0
2023/12/27,TE,自營商,140,497098,99,351056,41,146042,289,1030431,366,1305004,-77,-274573
2023/12/26,NQF,外資,68,57828,62,52736,6,5092,579,494074,133,113203,446,380871
2023/12/27,TX,投信,1588,5672474,492,1757229,1096,3915245,20133,71911049,10196,36418073,9937,35492976
2023/12/27,TE,外資,517,1834729,534,1895220,-17,-60491,600,2139360,760,2709856,-160,-570496
2023/12/27,TE,投信,22,78426,0,0,22,78426,193,688161,0,0,193,688161
2023/12/27,MTX,自營商,12834,11415413,10317,9173107,2517,2242306,6454,5761454,3390,3017871,3064,2743583
2023/12/27,MTX,投信,6,5348,0,0,6,5348,202,180376,12,10715,190,169661
2023/12/27,NQF,自營商,39,33241,39,33288,0,-48,7,5980,43,36733,-36,-30753
2023/12/27,MTX,外資,46949,41760274,43240,38447131,3709,3313143,11134,9942020,1386,1237639,9748,8704381
2023/12/27,NQF,投信,0,0,0,0,0,0,0,0,0,0,0,0
2023/12/27,NQF,外資,614,523902,459,391697,155,132206,617,528560,16,13668,601,514892
2023/12/28,TX,投信,1231,4399299,900,3216170,331,1183128,21264,75980525,10996,39290907,10268,36689618
2023/12/28,TX,自營商,6241,22280130,5744,20507820,497,1772310,6129,21898650,6654,23764029,-525,-1865379
2023/12/28,TX,外資,37249,133004653,38632,137929791,-1383,-4925138,49043,175235981,62661,223895587,-13618,-48659606
2023/12/28,TE,自營商,166,591346,206,733506,-40,-142161,239,850734,359,1277893,-120,-427159
2023/12/28,TE,外資,376,1339104,358,1275409,18,63695,605,2153558,747,2659021,-142,-505463
2023/12/28,TE,投信,1,3562,0,0,1,3562,194,690562,0,0,194,690562
2023/12/28,MTX,投信,0,0,1,893,-1,-893,202,180447,13,11613,189,168834
2023/12/28,MTX,自營商,7144,6374732,9794,8740027,-2650,-2365295,5729,5115835,5091,4538221,638,577614
2023/12/28,MTX,外資,52019,46433916,55555,49584412,-3536,-3150496,8139,7270482,1927,1721450,6212,5549032
2023/12/28,NQF,自營商,44,37657,36,30844,8,6814,7,5999,35,29997,-28,-23998
2023/12/28,NQF,投信,0,0,0,0,0,0,0,0,0,0,0,0
2023/12/28,NQF,外資,541,462754,622,531835,-81,-69081,595,511316,75,64279,520,447037
2023/12/29,TX,自營商,6077,21700413,4519,16141062,1558,5559352,7628,27260938,6642,23727131,986,3533807
2023/12/29,TX,投信,1069,3820993,1147,4099885,-78,-278892,21445,76644430,11255,40225370,10190,36419060
2023/12/29,TX,外資,30491,108911482,33585,119940644,-3094,-11029162,48247,172431495,64959,232159203,-16712,-59727708
2023/12/29,TE,投信,28,99901,0,0,28,99901,222,791963,0,0,222,791963
2023/12/29,TE,自營商,156,555786,104,370514,52,185272,267,952475,340,1212913,-73,-260438
2023/12/29,TE,外資,312,1110891,381,1356594,-69,-245703,596,2126170,807,2878892,-211,-752722
2023/12/29,MTX,投信,1,894,0,0,1,894,202,180487,12,10722,190,169765
2023/12/29,MTX,自營商,6919,6177157,5724,5109933,1195,1067224,6315,5641529,4294,3828011,2021,1813518
2023/12/29,MTX,外資,43045,38435346,47226,42161481,-4181,-3726135,5813,5193888,3782,3379248,2031,1814640
2023/12/29,NQF,自營商,21,17980,20,17091,1,890,7,5984,34,29065,-27,-23081
2023/12/29,NQF,投信,0,0,0,0,0,0,0,0,0,0,0,0
2023/12/29,NQF,外資,423,362789,528,452198,-105,-89410,545,467552,130,111131,415,356421
